4865 140
93 107 86
49 83 60
31 77 59
37 117 34
0 59 41
53 114 92
37 109 40
81 95 4
45 130 80
80 85 83
27 38 64
48 106 68
89 99 39
75 121 11
122 138 35
13 120 76
6 66 86
38 119 81
2 86 15
12 56 15
28 104 34
70 133 18
103 124 83
1 26 5
39 77 60
88 139 38
26 111 34
78 92 98
50 88 32
69 81 24
7 81 86
97 103 27
54 78 12
48 118 2
0 44 6
39 87 100
5 61 28
14 128 28
49 98 48
60 105 46
53 90 18
2 15 25
24 35 47
47 73 68
11 57 66
3 9 88
3 6 84
71 114 38
24 128 51
33 43 97
13 131 71
41 129 14
74 101 72
53 113 35
101 103 76
110 133 16
11 108 100
83 113 11
73 126 76
19 46 28
133 137 61
16 51 43
46 111 13
23 124 88
14 112 19
31 127 45
29 104 94
97 119 98
35 55 16
54 111 92
78 93 96
68 125 50
30 72 83
49 50 45
31 89 9
40 118 21
42 101 32
29 81 83
109 138 97
30 57 65
79 87 7
94 123 45
3 54 73
15 71 40
14 54 18
58 94 87
34 57 23
35 104 75
103 134 6
64 122 4
35 115 12
57 89 65
5 63 24
118 135 61
66 120 89
100 128 14
19 73 99
2 123 90
35 62 86
6 107 9
52 124 4
2 103 97
26 35 91
35 38 26
60 130 61
3 124 18
12 121 98
14 85 90
51 102 43
18 24 90
42 64 8
101 114 23
84 118 57
96 104 40
50 62 76
93 131 83
112 134 62
65 71 94
27 90 58
41 89 72
25 133 80
5 126 27
56 108 36
57 86 57
43 127 64
67 136 46
25 99 8
112 115 60
19 50 28
82 118 42
51 57 44
80 113 23
27 119 80
8 68 9
83 98 65
32 61 97
116 117 97
2 38 11
59 61 89
16 108 97
7 72 42
58 114 71
135 138 81
44 72 65
12 125 30
67 128 65
24 127 95
24 119 14
25 124 6
0 36 23
67 90 19
43 66 78
60 69 96
102 134 52
86 87 49
27 36 100
17 69 8
29 101 28
77 85 61
80 81 11
29 52 65
88 101 78
42 70 4
16 97 16
96 109 96
35 61 75
8 47 89
113 129 60
52 127 99
123 125 70
7 51 33
54 69 6
122 131 30
31 91 54
89 124 15
12 75 6
37 91 22
2 57 92
45 73 53
42 95 60
56 92 60
45 50 2
35 79 81
3 43 63
59 102 100
11 23 17
27 131 39
49 90 79
4 26 3
108 112 71
82 107 61
28 81 69
64 119 9
52 93 36
9 40 88
93 96 79
90 129 23
43 130 68
83 117 57
53 119 27
10 124 91
41 73 74
3 34 61
114 126 41
41 121 77
3 44 75
82 89 25
7 38 3
20 132 91
28 80 97
24 89 87
46 101 69
70 81 26
99 138 42
94 133 83
15 58 53
44 97 29
8 112 97
6 105 97
43 47 86
43 92 11
54 63 36
2 105 29
55 124 8
67 99 24
51 66 31
6 26 94
105 122 29
81 133 8
60 72 79
20 77 52
29 115 91
31 34 75
98 122 5
98 112 73
17 30 82
46 81 29
78 116 93
6 41 98
58 139 20
26 138 34
27 122 33
3 14 35
21 66 25
26 48 98
23 139 67
77 110 68
68 90 31
15 31 93
62 124 51
19 112 66
74 95 42
0 88 80
50 85 12
87 128 8
2 37 87
8 73 64
49 118 73
41 101 9
13 47 2
18 134 71
31 101 92
3 50 50
61 110 38
74 112 85
79 103 34
4 31 78
47 137 73
62 121 42
98 109 100
58 91 45
26 62 42
52 64 74
91 120 58
18 139 39
22 25 43
24 123 58
71 78 25
66 101 18
125 129 5
5 70 97
20 99 82
11 55 26
9 51 37
4 116 57
92 108 15
7 108 21
97 134 9
63 87 70
58 59 37
9 91 46
51 139 6
66 83 85
49 88 15
19 100 20
60 103 48
54 104 90
1 111 83
70 88 4
78 138 51
59 121 89
45 126 42
35 134 31
119 123 93
70 122 61
46 58 74
106 110 19
58 90 9
83 89 18
89 100 98
30 108 92
69 106 28
38 136 27
62 69 58
45 127 51
32 101 98
2 54 42
98 119 98
99 100 98
19 121 28
9 120 70
58 123 86
44 85 71
10 119 55
53 125 87
39 111 76
88 126 26
58 92 15
26 84 17
82 134 62
1 42 19
74 105 72
61 65 99
40 86 20
9 103 11
11 97 28
49 139 33
39 64 68
16 60 22
15 43 90
80 111 11
65 126 35
56 73 91
21 116 63
0 27 81
11 66 44
78 124 64
70 130 78
90 121 39
22 38 92
13 58 38
65 83 81
12 70 8
10 62 92
62 64 36
38 91 81
44 96 39
20 32 22
27 73 77
104 130 12
81 117 6
103 121 23
67 98 92
13 38 48
52 102 85
116 139 12
39 131 14
42 58 54
18 78 81
38 66 77
123 129 90
83 108 46
47 106 44
84 86 92
20 82 21
20 28 26
19 98 58
21 33 100
99 118 58
95 99 94
17 31 90
17 85 90
29 126 7
118 136 7
66 68 33
28 52 96
113 133 85
0 100 42
55 133 75
1 76 78
99 127 51
74 76 12
124 128 96
4 127 31
7 139 72
73 107 3
5 75 36
129 132 49
31 121 20
16 113 67
48 131 24
84 102 2
88 104 97
19 33 43
63 82 75
77 126 20
59 138 13
88 99 97
86 112 74
21 107 86
114 124 5
56 87 90
91 113 91
16 95 78
17 34 95
74 78 2
105 126 74
2 129 55
26 91 23
20 94 80
81 99 59
84 126 45
8 101 40
25 97 13
119 135 75
84 95 58
16 53 81
0 116 15
60 71 89
33 83 60
102 138 37
31 90 87
72 94 74
87 103 18
24 138 75
64 84 74
17 113 50
7 79 41
0 60 55
92 101 75
36 75 73
12 42 12
92 115 43
55 97 36
0 32 34
97 108 20
50 92 55
2 52 34
31 130 89
6 83 59
1 47 69
69 120 29
31 108 74
102 119 21
3 97 90
28 124 65
24 124 67
56 135 72
76 101 50
33 46 53
23 73 46
47 97 49
42 49 76
34 100 83
53 116 48
63 121 55
41 90 77
47 95 64
41 66 30
45 46 82
7 82 54
100 129 78
111 139 19
26 46 80
86 135 55
88 90 74
29 37 15
10 69 54
6 34 55
68 129 80
35 86 53
101 106 77
111 129 96
91 112 71
43 81 80
87 105 75
70 90 68
64 101 96
97 107 62
1 98 88
21 79 72
10 85 33
52 116 23
22 87 13
106 122 73
54 56 56
69 103 10
36 116 69
15 41 28
29 47 90
50 53 93
85 96 9
32 75 41
29 50 80
19 127 85
28 109 79
96 130 7
56 70 22
43 119 73
82 117 84
8 27 71
27 132 72
15 29 42
57 120 43
12 41 6
46 130 92
102 107 2
54 91 55
27 100 20
35 101 24
72 102 59
4 32 77
0 37 91
114 121 80
106 124 3
16 91 65
68 138 65
88 117 30
92 139 54
50 116 82
101 116 5
74 98 52
54 106 97
5 139 5
46 60 66
86 90 25
11 131 90
83 137 58
23 102 85
90 101 23
99 132 78
3 16 11
93 120 7
45 131 57
56 59 91
9 53 5
28 43 71
26 41 32
126 136 8
45 64 14
48 88 99
13 96 100
120 132 85
8 55 73
79 108 34
24 27 44
1 120 51
12 123 50
76 77 62
41 91 10
35 109 15
88 121 82
83 86 11
66 124 13
2 139 42
32 136 85
22 84 72
50 87 79
9 115 20
29 121 45
73 106 91
61 133 100
2 135 11
2 25 93
45 58 80
7 121 17
72 136 35
33 129 62
87 130 61
60 79 18
46 61 13
84 122 56
44 94 39
44 66 37
61 103 96
54 95 95
14 139 33
53 57 32
33 85 13
67 93 74
31 74 65
29 58 33
8 97 62
46 59 31
114 128 53
52 61 14
37 44 56
27 84 66
98 133 27
75 108 77
14 109 82
19 56 5
61 63 44
27 51 80
31 88 81
98 120 6
29 31 35
2 125 78
56 60 27
114 134 21
64 66 46
40 136 97
25 90 59
33 137 26
16 83 64
5 89 87
4 50 92
32 64 63
30 90 14
44 127 7
63 96 94
92 130 30
115 122 57
4 60 85
43 60 26
67 83 10
28 91 80
95 111 81
21 22 77
13 108 100
95 137 42
22 127 22
27 105 12
75 99 53
10 123 2
27 46 55
19 87 38
11 33 61
59 135 15
11 85 7
53 139 52
93 102 9
25 47 70
21 84 74
61 66 75
67 125 78
23 62 3
82 131 86
42 133 72
31 38 59
7 89 18
58 67 39
10 56 88
22 71 92
2 72 11
71 126 32
4 95 16
84 119 28
14 55 88
44 71 20
11 63 33
18 101 7
57 125 23
110 122 37
37 93 1
19 58 63
22 138 96
38 49 37
93 121 45
53 79 51
98 137 98
92 133 57
30 67 23
9 79 22
19 47 49
18 87 25
50 67 61
53 104 75
90 118 94
49 70 52
23 126 59
32 86 19
87 99 70
98 104 28
12 86 1
62 133 17
55 62 9
38 58 84
28 31 27
81 106 49
68 92 8
20 81 54
110 113 77
13 61 72
10 20 67
22 129 22
37 46 90
18 108 73
52 77 10
47 90 86
0 47 33
37 47 45
15 52 58
89 112 91
46 125 75
1 118 39
38 57 38
117 132 30
55 119 57
11 127 60
36 38 90
34 92 20
62 108 95
26 83 1
18 112 91
0 45 49
68 107 18
0 81 26
11 38 84
93 109 99
1 75 71
33 36 2
62 90 88
50 139 99
40 101 72
78 118 10
10 33 81
8 57 24
20 112 31
43 110 68
76 89 36
10 128 9
71 82 14
42 56 74
70 100 27
48 74 11
1 123 37
62 118 23
53 72 26
64 81 53
57 132 26
43 93 70
29 123 50
1 40 16
11 135 86
43 62 30
54 132 47
76 106 71
79 98 51
7 107 8
34 116 93
19 42 72
9 29 27
54 64 79
71 76 27
9 48 9
44 120 8
9 33 69
65 121 37
68 100 63
93 106 38
23 78 5
49 81 50
54 89 5
95 115 26
101 122 36
17 88 62
39 67 22
88 134 88
0 90 63
11 94 61
19 76 21
105 124 73
72 88 43
11 118 62
2 89 70
102 116 83
112 120 14
4 23 44
10 80 46
31 95 29
29 76 32
9 137 92
24 98 63
24 71 4
18 138 63
12 120 48
65 113 8
110 131 52
99 121 11
70 86 52
79 96 42
49 101 79
17 117 89
2 9 28
45 88 53
32 139 30
9 14 80
76 112 97
106 125 83
10 42 65
16 125 72
41 72 7
83 95 47
75 93 44
44 57 64
12 78 11
51 65 31
40 78 42
122 134 52
33 53 54
71 123 33
45 47 37
74 103 59
25 100 99
11 98 97
5 100 84
70 75 24
49 123 86
88 113 94
61 97 70
7 61 98
24 56 5
6 48 92
1 18 80
36 127 11
20 126 80
52 128 55
19 86 74
12 107 46
25 36 52
17 33 19
20 60 17
99 120 44
22 37 41
65 68 11
106 131 62
54 77 72
39 108 3
54 139 2
84 115 81
43 71 77
51 134 45
99 113 25
116 135 85
16 41 16
13 130 94
16 78 40
83 124 7
27 72 3
32 60 73
67 85 9
1 104 100
36 92 16
15 101 23
1 44 90
91 111 50
24 59 35
106 133 74
75 139 50
126 129 35
31 120 86
13 138 94
45 114 81
6 117 89
91 126 43
116 137 11
7 42 75
87 129 17
6 125 38
29 57 76
64 86 15
3 39 9
68 128 93
18 109 55
105 119 87
72 124 53
125 136 96
69 133 63
52 94 63
42 53 7
73 76 98
35 108 97
85 119 63
115 128 92
28 133 79
63 99 64
48 108 94
4 58 92
0 21 79
27 58 23
36 94 84
5 54 28
33 133 80
44 53 94
49 75 41
15 98 67
39 86 71
9 36 79
29 46 22
12 115 72
29 80 70
37 50 39
67 114 97
54 87 50
30 92 55
44 95 69
43 99 88
54 103 96
88 89 82
7 134 62
34 69 90
38 113 98
17 123 5
15 21 15
95 106 73
69 109 75
11 105 1
4 62 16
47 133 39
21 60 52
29 43 78
25 44 27
87 136 66
115 121 12
30 130 71
33 118 38
36 98 14
45 129 23
70 89 91
33 105 92
28 55 93
39 107 19
9 130 80
3 27 31
31 98 64
9 122 62
77 100 93
12 109 77
129 135 87
82 101 43
63 93 96
17 62 27
94 104 11
46 82 90
34 79 4
9 118 31
123 139 34
46 135 79
1 27 33
47 124 12
114 135 58
43 97 34
39 133 71
71 80 86
56 62 36
84 132 35
42 126 3
11 132 30
21 136 34
66 69 90
62 97 53
58 131 43
15 95 3
5 120 20
9 99 83
5 85 100
23 51 68
21 42 70
106 136 12
101 126 70
57 84 88
84 111 63
85 105 60
24 109 2
59 67 28
26 119 60
95 110 33
27 81 71
1 31 70
26 61 64
45 117 5
7 85 88
21 54 17
5 86 60
54 75 51
31 51 14
111 115 16
111 130 88
39 60 30
44 54 27
57 139 20
52 87 82
58 106 72
24 81 27
39 92 99
71 73 12
99 136 33
41 110 15
6 122 68
59 119 62
54 109 70
76 110 89
7 22 80
32 42 65
52 75 47
74 109 54
65 85 19
23 109 87
108 136 53
16 37 5
11 22 50
81 88 48
101 137 53
76 115 66
13 72 3
46 51 100
57 87 42
19 24 72
19 62 69
23 72 81
39 91 41
71 131 82
73 125 3
34 106 63
52 63 30
60 62 5
11 133 15
52 67 66
24 93 15
50 109 88
6 55 15
31 44 34
94 103 42
27 120 71
7 34 34
9 38 75
48 91 90
16 137 62
45 139 38
84 113 38
46 124 96
68 98 80
85 110 16
92 95 3
31 126 5
32 102 46
45 54 34
18 61 37
41 94 65
50 73 50
59 139 15
42 77 99
43 106 96
29 69 98
8 62 27
73 136 70
37 126 78
75 77 16
49 74 80
104 136 89
0 134 81
46 47 21
40 69 39
8 137 36
20 100 55
13 27 38
45 96 26
58 111 36
49 103 95
1 91 43
15 27 94
6 96 18
85 128 97
28 98 52
50 59 55
91 100 93
60 73 91
51 124 62
10 57 39
16 99 22
107 111 47
5 82 4
39 89 83
21 108 26
36 89 92
68 130 20
99 128 46
37 75 71
22 51 44
31 49 9
60 99 63
6 97 86
90 97 4
5 80 69
10 92 36
49 124 89
65 73 100
68 110 29
85 88 23
0 110 97
94 99 60
22 75 2
25 130 50
15 107 79
65 76 9
13 111 14
40 123 87
91 97 5
103 115 31
5 119 48
82 123 39
60 63 99
90 122 65
80 112 83
41 42 100
14 56 47
79 129 9
52 134 70
98 116 29
16 30 74
77 132 43
73 86 60
20 21 41
18 107 96
44 107 93
21 83 81
104 127 28
86 119 55
3 19 34
29 38 32
23 85 17
42 71 23
30 46 61
6 99 34
105 118 34
4 6 9
4 129 73
53 78 18
42 50 99
6 110 87
64 131 83
72 106 71
124 129 71
27 34 58
75 83 24
61 98 27
24 104 74
29 87 5
43 49 95
0 93 45
83 132 17
31 63 13
3 98 92
0 48 99
18 137 2
20 85 48
91 107 30
17 83 78
20 111 3
108 128 34
0 75 13
3 79 4
58 122 40
6 42 73
17 115 4
38 84 84
53 91 23
33 92 83
40 68 22
19 74 97
11 79 24
67 94 24
45 118 2
66 87 54
47 114 4
2 34 9
103 119 93
73 96 83
16 94 1
5 60 63
49 64 83
52 57 91
7 30 54
0 67 51
57 68 56
64 106 7
6 124 36
65 131 28
33 110 63
31 131 9
35 60 63
85 103 27
82 133 54
33 70 39
16 110 14
3 138 79
121 123 25
104 109 4
55 70 71
8 129 14
34 103 15
27 110 31
1 92 23
83 115 48
48 105 56
3 17 28
68 99 54
14 62 15
47 125 70
70 78 45
3 87 8
31 40 63
13 129 93
36 136 83
53 63 45
63 90 53
31 92 15
12 76 54
31 70 60
74 135 7
29 92 29
83 134 63
3 107 25
74 93 89
71 79 66
66 91 21
20 67 17
79 128 84
36 42 6
55 61 12
4 11 59
128 134 41
17 45 54
18 47 61
81 131 10
72 91 25
36 118 43
14 27 27
24 74 85
12 92 62
58 74 87
37 132 9
17 108 26
1 8 75
50 124 51
6 7 19
76 100 62
4 44 93
34 109 23
12 14 48
11 16 14
78 86 40
70 106 91
27 71 84
55 76 22
115 135 20
102 115 45
25 110 38
77 122 68
27 44 45
18 113 27
96 101 52
38 39 32
29 84 84
51 83 46
85 95 9
49 82 51
2 53 98
52 106 23
49 115 22
70 103 32
67 135 76
32 99 23
49 133 14
79 127 6
30 127 30
5 118 81
48 52 5
22 107 84
15 130 94
38 108 31
19 66 83
6 79 98
39 78 11
7 129 7
36 56 62
36 97 35
95 103 95
98 126 66
48 95 21
7 100 56
24 36 80
72 138 37
43 90 91
124 125 22
3 120 88
51 128 100
19 124 7
107 133 91
62 94 71
13 21 1
1 106 12
117 127 39
78 137 1
1 124 80
69 87 64
11 110 22
63 129 50
113 135 35
28 95 33
96 100 74
9 90 84
94 121 70
35 102 13
82 84 68
27 102 59
79 109 38
28 87 10
16 77 36
71 108 51
55 59 38
49 117 8
107 116 36
15 133 72
26 94 95
19 27 82
104 106 78
50 63 24
46 137 60
39 74 39
33 69 89
26 98 4
106 128 44
54 68 57
54 71 53
6 68 94
94 101 19
12 67 38
32 38 96
18 19 31
52 120 22
3 29 83
37 63 18
59 132 50
39 44 97
84 136 73
71 134 3
19 77 14
22 72 68
105 113 24
107 126 39
118 121 61
53 98 61
122 137 78
15 88 19
90 127 62
46 123 4
25 116 7
8 41 98
56 133 86
7 124 23
78 90 94
14 136 79
65 136 73
12 117 64
10 88 34
37 113 14
6 40 91
41 96 22
52 80 92
0 53 93
91 98 16
9 136 4
38 133 96
58 127 21
37 74 84
28 130 27
91 93 1
47 112 38
39 45 25
27 45 54
83 135 43
3 132 39
105 125 96
23 120 31
62 68 46
70 72 23
76 133 48
23 122 96
124 134 49
65 100 71
12 98 82
22 49 47
31 79 3
123 136 18
133 139 60
53 70 77
102 111 18
58 132 47
8 33 5
46 75 29
20 102 18
58 128 58
0 35 26
5 129 29
40 133 99
77 135 71
66 113 79
34 122 30
49 69 55
14 138 84
126 130 5
41 54 68
62 73 5
35 91 65
80 124 6
96 118 50
86 109 94
29 42 71
23 90 89
42 73 9
49 129 16
19 96 6
63 68 93
1 99 37
11 122 40
35 53 88
39 50 73
52 54 97
52 98 24
4 5 33
4 137 77
7 43 100
76 82 78
66 110 38
0 13 42
52 105 63
53 62 78
23 97 23
33 77 83
80 94 2
11 99 55
44 139 64
79 84 35
86 120 64
64 116 32
13 100 13
11 34 100
22 96 14
66 112 33
20 53 67
87 115 83
46 118 78
22 135 89
20 91 93
97 135 70
5 38 35
40 73 39
75 101 6
85 120 26
97 123 91
50 51 70
44 114 80
108 132 89
9 123 35
3 112 21
15 125 6
46 110 10
47 138 20
44 55 30
118 123 62
16 106 60
31 57 73
19 107 61
55 125 86
16 98 53
33 76 68
57 72 9
33 78 66
74 133 75
67 111 65
92 121 21
1 30 11
21 133 4
68 139 47
42 97 11
12 82 51
32 114 97
71 137 86
39 75 39
16 114 45
61 117 30
18 80 98
66 123 86
24 29 9
37 81 10
31 47 89
24 90 48
79 124 93
103 132 44
23 116 80
80 132 62
14 38 22
6 80 32
112 125 97
13 42 75
48 98 34
61 86 23
3 134 25
55 91 69
71 133 27
72 132 93
104 129 16
117 136 38
38 74 17
0 85 7
73 109 22
1 134 19
47 91 10
57 81 10
23 26 75
72 134 35
22 86 6
76 108 40
82 132 35
18 57 42
115 139 62
99 135 14
9 138 96
26 68 70
62 126 57
53 123 86
47 132 24
53 130 97
84 90 51
7 37 33
28 49 36
5 6 75
75 104 25
102 128 17
39 90 48
10 74 100
37 129 96
75 137 46
48 73 24
37 59 42
114 122 46
51 62 73
132 133 72
28 85 99
9 49 40
31 105 41
85 109 30
24 79 48
77 133 28
25 139 58
4 82 64
36 104 5
14 134 29
15 20 23
40 126 8
83 131 26
12 16 46
77 108 52
17 128 72
20 120 51
40 92 96
71 130 80
48 80 94
86 98 82
19 30 36
83 109 22
76 129 96
24 39 65
125 127 28
41 130 42
35 71 15
14 33 65
12 50 79
24 43 40
124 130 19
71 124 11
74 92 54
45 67 48
47 56 25
30 134 47
23 27 95
18 76 56
11 20 78
28 56 92
135 136 77
22 56 93
29 35 24
102 130 94
50 134 57
28 96 56
63 100 95
17 118 74
77 128 98
9 35 59
89 135 95
30 125 23
32 59 6
64 88 39
66 85 32
3 66 65
27 69 42
13 26 87
67 122 93
91 103 59
92 100 41
30 97 6
2 14 96
8 118 43
56 107 59
59 127 52
42 52 22
78 85 70
96 127 64
66 135 21
108 118 55
15 35 26
74 120 72
37 106 7
29 122 71
59 71 65
70 138 60
12 122 75
89 129 49
65 101 4
11 37 67
55 66 56
19 68 4
50 125 86
92 106 14
1 70 42
30 112 16
64 135 23
52 109 40
84 137 56
37 139 99
36 105 87
32 89 62
21 62 32
29 120 97
20 133 84
44 64 93
2 112 67
23 76 5
26 89 77
45 112 95
12 53 4
57 80 37
86 107 71
45 104 4
117 139 46
2 117 92
56 68 97
79 111 18
6 129 50
40 77 22
26 60 72
58 113 51
32 33 51
30 45 76
64 114 15
34 63 100
12 57 47
20 76 55
22 117 9
59 112 89
6 67 86
10 101 49
68 102 41
26 137 78
28 73 93
33 91 85
88 95 14
34 82 74
35 139 44
47 108 5
48 97 24
83 103 2
47 71 15
22 47 13
94 95 100
42 63 38
86 108 39
14 28 97
27 35 14
11 68 41
38 83 73
36 41 98
61 118 41
49 96 33
47 52 31
32 125 65
4 132 75
64 115 5
16 68 37
71 117 40
28 117 32
68 89 93
9 25 96
68 71 86
68 114 40
88 100 97
37 110 100
28 53 22
103 112 74
59 91 20
18 106 93
27 74 7
79 130 93
3 119 42
1 113 2
54 93 35
39 119 45
22 53 72
3 38 30
20 116 53
73 83 94
56 101 71
44 102 11
80 105 83
50 106 48
13 135 96
63 107 13
2 46 24
17 135 49
12 83 87
24 136 59
8 9 53
35 47 14
25 122 50
0 65 99
11 51 95
13 70 8
17 100 58
38 123 26
7 69 54
71 90 4
90 120 22
83 105 96
28 101 89
20 139 31
74 126 69
7 116 95
77 125 33
78 96 80
64 83 5
30 123 69
101 118 38
91 130 30
24 107 15
42 57 98
61 122 49
133 138 80
55 63 68
33 81 19
65 89 72
35 68 96
13 76 2
2 109 47
47 70 9
69 75 96
6 101 70
11 100 41
3 123 69
57 76 2
33 56 45
85 98 72
114 117 7
65 132 7
111 135 73
63 105 82
59 64 32
105 138 90
124 135 62
8 104 57
0 86 4
62 71 16
88 103 97
19 36 72
4 128 47
15 63 67
29 33 92
41 69 96
47 82 33
22 73 90
108 131 17
29 98 19
3 139 76
97 121 35
64 80 74
20 128 29
5 20 57
2 118 59
54 130 72
16 69 66
57 94 58
14 23 48
108 124 14
34 68 31
41 128 35
75 129 5
60 114 55
30 74 83
18 83 1
15 46 11
110 117 78
55 122 19
29 86 86
2 20 24
9 114 98
21 81 24
36 47 45
88 115 34
95 116 62
20 66 25
38 137 55
20 83 92
76 130 68
28 58 67
67 116 12
25 34 52
23 57 73
31 82 4
22 125 99
72 127 43
1 29 55
8 72 50
25 96 70
36 59 11
2 75 83
63 88 13
30 120 35
56 113 41
30 73 8
37 40 92
13 134 83
13 99 80
0 39 94
32 97 71
105 116 78
34 53 45
56 66 63
41 85 52
101 110 18
39 121 9
16 44 86
78 100 23
58 112 68
21 77 50
95 119 29
25 115 1
19 31 94
27 99 63
50 117 27
2 10 29
14 137 55
29 102 64
27 118 37
83 133 49
54 99 68
2 138 45
21 130 28
41 126 66
6 123 45
34 118 75
7 16 41
6 95 77
121 133 77
50 101 81
71 96 94
59 80 86
42 59 30
5 27 47
44 52 37
0 57 82
13 30 49
85 134 4
132 136 92
6 44 93
95 100 49
77 116 90
131 136 88
33 90 1
25 94 44
56 69 66
41 52 66
29 110 3
43 80 59
28 41 63
12 31 46
116 124 78
34 135 89
28 69 3
18 66 58
81 85 27
57 60 91
54 121 92
21 52 24
71 128 42
23 137 99
38 98 88
52 115 96
61 88 29
15 116 32
15 103 81
36 100 32
24 42 92
34 77 96
60 116 38
117 128 100
26 73 29
5 51 10
77 131 75
87 123 18
32 70 8
6 75 59
22 36 68
131 132 35
12 34 25
79 95 55
36 90 16
56 136 7
39 97 89
91 125 93
7 103 61
20 38 27
90 133 61
81 137 46
48 75 86
7 125 61
87 121 22
40 139 11
61 69 99
64 104 59
19 122 18
1 112 41
3 69 8
79 107 96
48 87 92
111 128 25
13 122 79
1 96 41
16 74 69
0 114 42
1 57 53
43 133 9
75 113 1
5 122 24
111 126 96
19 25 70
8 23 96
53 122 81
6 22 83
44 119 31
33 62 87
9 32 18
7 24 97
11 120 94
50 78 52
8 69 1
43 69 51
93 113 60
128 130 29
3 85 89
64 89 72
76 86 71
41 107 20
23 33 82
0 80 2
37 115 58
48 96 81
33 50 83
87 134 82
86 126 87
44 126 55
7 27 100
17 35 22
72 76 21
9 13 47
100 134 64
51 136 81
8 14 70
19 125 35
84 101 48
73 77 94
7 64 23
25 84 57
24 34 61
46 52 84
4 135 38
101 134 51
28 134 17
49 54 75
109 120 61
28 120 27
88 105 51
74 88 49
121 125 87
110 135 2
44 63 6
8 98 100
23 36 61
10 25 56
14 89 80
23 84 60
108 109 21
0 96 11
109 119 91
40 129 52
61 112 48
107 118 88
11 112 83
4 87 62
10 55 34
37 99 39
7 68 49
18 62 28
14 21 64
52 66 45
71 98 54
10 19 47
33 34 38
0 136 57
67 132 60
7 65 99
71 101 17
12 77 86
74 96 14
46 131 55
15 57 22
48 55 39
7 73 85
84 124 60
62 131 25
18 129 44
57 64 58
27 75 44
12 133 12
113 117 53
122 129 56
17 98 92
98 129 100
10 17 59
74 115 25
124 131 25
33 82 48
25 63 95
2 134 68
12 22 40
84 85 87
53 135 65
53 112 13
73 132 50
58 117 42
0 58 2
6 12 11
0 94 93
23 138 51
31 133 36
12 29 9
61 67 55
0 17 62
95 129 11
25 59 6
66 90 46
49 58 82
18 70 75
110 124 62
35 41 74
55 72 9
28 74 18
10 137 92
16 57 23
17 78 87
2 98 43
18 63 3
44 88 85
96 99 22
7 101 11
123 130 83
15 32 34
97 101 68
11 30 44
41 62 13
15 113 26
37 48 1
22 82 65
72 86 64
50 131 92
25 32 20
31 129 35
35 39 28
35 49 94
81 103 67
88 110 30
27 50 99
74 106 19
11 39 16
28 34 2
119 127 51
120 124 50
59 87 100
43 84 61
68 131 85
36 133 39
34 42 56
30 107 9
74 123 58
64 65 50
53 138 69
100 136 14
100 131 88
59 109 81
97 136 96
21 41 4
53 103 39
4 17 54
51 89 17
26 126 87
9 47 98
59 96 89
1 69 50
6 77 13
2 58 15
120 139 4
24 82 34
46 76 14
83 100 65
6 50 77
6 92 6
25 125 83
61 121 84
40 127 72
30 133 17
36 137 51
41 104 7
33 45 42
39 106 94
72 89 64
98 118 82
12 130 47
28 108 61
35 116 24
84 139 61
0 124 55
50 76 42
13 116 44
9 27 85
101 113 59
48 128 95
35 88 1
37 56 1
10 66 71
13 79 49
62 95 15
33 108 12
25 87 26
0 15 55
32 47 32
64 102 76
28 75 91
27 136 43
100 132 22
16 124 81
58 118 66
73 75 57
14 51 90
30 131 21
41 43 98
50 129 51
57 112 42
17 99 87
60 126 99
65 124 16
64 97 94
48 64 65
75 115 32
8 50 93
11 77 7
14 57 63
22 70 52
27 87 54
93 100 5
55 114 24
43 132 87
11 129 59
15 111 59
65 70 96
10 60 41
1 79 88
112 130 91
32 65 36
50 133 90
59 134 3
22 131 56
89 91 26
105 130 100
29 41 41
8 63 97
38 128 51
45 138 5
7 110 56
8 17 46
81 113 87
47 100 12
42 108 59
84 89 70
80 95 79
67 97 99
69 102 100
28 135 14
58 96 80
40 107 62
3 127 62
111 119 37
82 120 67
10 105 60
13 89 69
63 98 70
30 116 53
68 103 43
23 104 59
2 30 7
8 91 17
44 56 73
55 86 63
54 79 95
9 108 51
42 134 43
9 56 77
62 74 30
39 132 79
2 122 59
67 104 35
45 74 72
66 94 58
49 112 20
21 72 15
12 112 99
41 81 8
37 122 92
8 92 47
31 67 31
26 118 88
16 115 74
21 61 87
75 130 27
101 135 97
6 57 60
65 115 100
39 84 36
79 91 91
30 99 93
11 60 7
58 101 60
108 133 25
15 75 51
28 35 60
0 108 20
52 62 29
21 43 77
70 84 50
105 127 73
92 131 39
19 38 82
84 107 13
80 131 92
14 15 88
23 39 4
9 80 33
37 100 42
112 122 99
112 135 27
46 104 38
51 93 67
49 77 74
38 80 2
3 76 92
34 124 22
54 100 63
69 126 92
40 122 58
38 43 85
32 46 54
59 69 34
50 95 28
3 100 17
36 67 20
13 64 3
80 104 16
26 27 68
10 107 77
18 104 70
7 109 87
5 31 34
36 113 9
42 121 65
100 124 63
22 67 14
64 90 10
49 111 42
113 119 88
34 67 80
91 101 52
0 109 27
24 30 83
79 137 25
81 91 22
22 62 85
88 108 45
1 82 21
40 103 80
24 75 17
30 76 19
16 109 24
28 33 86
31 42 47
96 126 59
15 26 40
0 76 82
48 57 97
88 137 72
45 103 20
28 127 42
31 116 67
68 104 13
59 100 6
10 106 12
26 63 80
26 33 15
59 85 19
17 102 34
6 17 6
80 137 20
70 113 82
21 95 10
10 35 1
18 86 51
64 69 25
78 128 18
31 110 77
14 43 88
54 138 15
9 28 9
41 84 66
39 102 34
87 119 23
109 123 91
47 63 88
22 28 47
53 64 13
51 129 58
37 123 56
83 93 74
107 113 93
72 110 93
0 18 56
8 76 95
14 68 49
74 91 79
82 106 27
97 124 27
58 64 69
131 138 3
100 107 96
35 123 72
22 65 52
34 108 54
17 64 32
19 65 35
43 104 25
59 125 60
73 103 24
14 87 1
107 108 57
80 96 96
81 120 21
73 82 74
41 136 70
27 62 69
1 16 70
34 113 30
75 82 95
0 137 22
44 130 13
20 113 70
113 118 31
65 127 14
33 114 14
129 134 71
31 119 64
14 36 100
128 137 57
82 95 91
64 93 46
38 61 98
0 52 84
4 89 63
70 87 85
119 121 95
49 53 2
54 70 72
57 127 88
60 100 40
102 139 4
55 95 52
4 92 89
18 91 48
2 7 96
52 132 43
32 131 48
23 54 68
110 139 29
73 112 62
59 114 100
37 57 98
18 133 29
73 87 89
19 78 64
53 127 81
29 133 33
9 85 57
74 100 47
38 99 73
100 127 78
123 128 67
73 91 23
14 58 23
17 61 72
95 121 35
16 45 16
78 105 66
32 100 68
82 100 37
73 105 89
28 132 82
4 86 71
30 135 8
15 83 9
10 117 35
35 48 50
76 114 29
42 118 24
25 71 71
7 132 81
48 116 70
53 88 65
79 106 78
102 103 80
21 45 30
23 95 12
90 123 38
37 41 83
18 22 55
19 105 58
98 134 65
38 64 97
36 53 86
19 48 94
24 61 43
4 72 80
94 129 84
43 73 84
26 122 43
14 91 48
105 114 71
14 76 94
3 25 53
13 77 65
0 61 77
32 48 46
82 88 41
59 93 76
84 110 47
46 57 46
65 129 18
15 97 2
81 112 63
82 97 82
15 91 38
45 51 100
56 85 100
55 94 82
10 127 78
25 52 90
5 92 82
39 85 37
80 128 75
42 65 27
20 62 74
119 138 95
43 128 53
65 107 47
6 23 96
31 39 60
15 90 4
28 62 86
64 96 29
32 120 81
14 99 9
65 91 60
35 117 61
27 60 56
43 139 71
77 91 54
56 90 28
116 134 89
3 37 81
6 82 42
84 121 75
101 129 78
76 113 75
46 114 10
54 117 89
23 105 4
104 111 45
15 120 18
47 99 10
70 131 48
41 113 72
41 123 26
4 59 25
24 118 80
44 100 39
9 11 99
67 130 2
92 103 50
62 122 27
26 124 24
71 104 59
42 127 14
3 26 45
43 70 25
84 92 66
22 63 36
15 106 75
19 117 26
19 79 55
51 72 46
1 60 18
47 78 92
8 131 73
2 39 32
8 78 91
104 133 21
7 45 27
32 79 17
62 100 26
7 137 38
17 19 28
4 13 52
54 55 25
51 70 35
122 136 9
66 71 32
38 48 62
19 85 35
56 137 52
40 62 77
15 128 17
8 43 61
8 139 93
30 93 6
57 136 99
30 33 76
10 110 68
11 117 68
23 129 41
27 125 27
130 139 34
0 77 52
16 54 8
8 136 95
30 132 68
26 67 94
8 30 64
55 57 49
34 49 29
55 117 43
5 9 49
47 85 100
75 88 76
64 108 61
119 136 5
23 34 64
31 104 69
87 113 18
76 94 6
17 50 56
0 31 59
58 85 8
44 104 73
4 79 24
43 95 21
59 77 90
67 134 100
4 112 82
114 138 7
66 136 10
62 83 7
22 137 73
43 79 85
45 121 30
96 134 51
95 133 95
42 136 14
7 98 97
54 60 68
12 132 57
23 50 40
24 40 60
66 80 42
44 50 87
28 136 56
28 94 85
4 83 76
13 25 64
24 66 81
20 78 27
81 128 57
57 85 77
16 89 89
6 84 63
98 107 12
72 93 35
101 125 93
76 125 32
28 114 93
5 136 1
91 110 19
32 73 88
118 122 11
4 107 17
101 112 20
14 114 74
58 134 62
60 95 70
76 128 30
12 79 28
21 111 27
83 127 89
56 124 75
54 81 83
106 129 69
1 3 99
57 133 34
17 137 25
70 79 42
107 120 23
11 53 81
118 137 18
85 125 18
7 36 69
47 127 40
44 131 47
79 82 44
84 104 95
76 95 9
81 104 27
16 121 71
102 109 47
116 133 73
128 135 47
14 96 30
65 88 72
101 136 20
67 119 67
20 39 70
42 67 90
91 114 24
37 114 14
17 127 33
72 137 66
13 132 82
102 137 88
48 85 98
34 39 5
16 80 20
28 65 60
77 111 22
108 116 47
107 127 25
6 63 8
118 124 15
76 123 92
62 65 86
75 95 99
53 136 38
6 102 22
90 106 76
68 119 69
29 45 36
29 44 25
82 108 22
15 79 79
20 49 28
100 137 70
25 27 32
72 84 76
87 118 36
69 88 61
115 116 81
49 102 9
76 93 12
15 68 26
67 89 83
23 108 14
24 102 62
16 130 48
17 48 69
21 117 56
6 49 72
59 66 49
67 131 73
22 60 51
33 117 78
54 88 76
19 20 3
14 61 97
56 119 72
33 123 97
60 98 14
2 94 97
14 50 42
127 128 85
50 65 32
4 133 29
101 115 39
64 112 36
27 116 48
86 121 83
24 133 72
25 55 8
25 51 93
75 127 65
28 119 65
73 74 14
66 108 23
95 107 89
89 130 55
30 96 78
81 132 6
68 132 84
10 23 88
110 111 5
0 105 21
61 126 20
40 47 51
66 95 70
29 32 92
27 33 96
48 53 46
40 46 88
108 135 94
11 25 16
12 54 54
2 31 87
110 125 19
86 128 73
44 90 91
96 105 8
35 118 96
6 85 84
39 113 3
58 97 65
115 119 11
0 79 48
21 30 25
16 96 14
61 79 17
47 65 61
20 27 1
12 118 56
46 73 1
100 119 11
27 101 85
56 106 45
61 136 41
3 23 23
23 29 18
32 110 47
70 96 49
15 72 51
85 123 12
20 52 86
82 128 5
55 118 23
85 130 67
46 136 42
10 52 23
82 116 67
29 85 72
52 73 3
32 98 9
59 75 49
20 96 96
20 26 19
4 123 7
55 128 73
40 106 49
20 64 12
30 77 88
10 45 61
96 106 63
38 59 59
107 123 78
99 129 95
69 112 58
45 95 5
29 106 31
33 100 58
89 133 47
45 87 25
104 116 76
29 61 13
32 91 30
1 15 27
43 124 63
15 48 30
36 111 9
76 103 65
33 128 9
62 86 23
37 61 7
68 97 99
25 137 42
23 31 64
32 37 14
69 125 34
21 131 30
7 21 23
21 122 13
51 94 69
27 123 41
16 26 98
104 121 24
99 117 36
7 41 11
71 136 22
51 109 10
72 114 26
51 135 45
14 34 33
110 120 70
53 86 73
0 23 89
97 122 5
102 129 85
64 127 22
50 127 84
32 122 38
45 136 52
131 134 40
77 101 34
4 66 71
71 77 14
12 37 93
68 77 89
80 99 38
6 10 67
0 97 12
16 67 57
11 32 15
84 127 21
21 88 68
103 139 22
45 100 47
11 19 44
57 102 60
132 139 72
94 98 57
25 28 43
32 63 20
64 100 29
25 38 39
1 135 71
68 126 39
73 85 12
98 139 29
4 27 13
50 107 26
57 66 7
8 134 34
18 74 66
96 138 85
10 12 26
82 90 83
47 139 83
26 88 19
15 61 47
6 132 85
7 31 79
23 121 54
78 104 85
28 29 27
27 79 66
72 139 20
12 139 89
73 108 26
11 49 67
48 71 100
57 122 7
26 87 56
77 93 93
37 54 29
82 99 38
5 78 72
32 111 52
64 137 59
85 117 29
93 99 54
73 121 52
86 132 67
36 82 52
85 114 51
3 4 40
93 97 61
64 110 62
29 109 39
116 122 23
6 9 40
8 49 43
2 17 13
96 122 81
3 74 73
119 133 7
6 51 12
115 133 95
77 114 29
3 48 93
37 134 77
60 81 80
106 139 91
10 58 18
63 83 87
56 130 65
51 61 100
16 47 41
75 109 26
3 49 16
6 106 14
54 66 80
18 29 75
67 100 88
47 92 45
13 32 24
93 127 47
42 102 61
13 52 92
96 114 49
21 119 80
13 39 30
60 84 72
62 120 58
89 126 63
52 89 26
9 58 26
73 114 38
40 74 9
40 138 75
69 129 99
54 62 23
19 123 13
12 99 25
12 59 13
126 134 12
10 24 2
48 50 55
78 102 11
84 94 8
16 105 1
18 43 56
8 18 3
92 119 20
13 93 1
32 76 25
13 107 7
14 67 44
13 23 1
59 124 62
2 116 24
73 115 14
9 24 49
73 89 18
69 97 18
87 96 49
57 106 16
85 118 55
51 67 4
57 71 39
41 127 58
116 125 74
38 51 55
88 128 30
26 139 85
1 17 34
76 91 57
12 72 34
73 124 93
54 123 87
72 75 79
118 125 68
62 63 61
79 113 93
71 83 57
64 95 85
32 116 62
43 103 87
107 119 10
79 86 52
59 83 40
28 110 88
42 61 51
70 94 76
45 79 35
81 105 67
58 104 89
34 87 1
38 76 1
55 96 68
5 106 97
24 139 52
112 121 29
37 105 52
117 138 92
79 90 67
49 121 2
31 76 38
12 60 37
54 127 93
120 126 91
56 103 47
12 114 7
94 130 79
3 31 89
76 105 67
36 70 64
8 60 51
84 114 65
22 98 58
94 105 74
2 33 3
56 110 31
8 122 80
86 99 8
36 40 48
37 120 16
16 85 3
100 118 72
72 80 14
21 68 55
65 75 19
7 62 100
113 139 3
45 128 90
11 111 75
70 139 35
71 102 41
55 136 86
44 76 60
43 74 66
78 134 21
55 137 43
63 67 73
7 112 72
14 77 77
103 120 53
16 25 87
25 80 2
53 118 30
11 43 40
60 65 24
51 88 100
101 138 43
71 125 18
38 53 10
95 127 15
111 137 51
30 71 75
2 82 67
60 106 7
86 96 5
35 120 34
22 119 96
56 127 47
51 130 19
14 130 24
11 82 46
76 85 34
29 66 47
55 112 48
28 30 21
40 42 2
4 99 30
17 82 61
80 139 29
19 41 44
29 78 18
99 125 1
78 130 90
82 130 93
41 67 97
17 54 55
40 64 51
19 21 67
23 110 16
21 55 27
34 56 90
13 126 44
3 8 44
61 102 32
31 93 5
38 52 65
62 77 39
5 73 91
5 107 63
38 87 87
15 123 2
12 96 66
5 76 21
98 101 94
76 127 87
104 125 3
7 13 97
35 98 19
33 132 7
11 50 65
41 120 63
83 85 96
24 52 18
99 107 86
81 136 40
74 116 50
47 51 62
99 102 33
77 92 52
12 126 32
104 112 87
59 76 70
11 124 40
11 126 25
58 79 12
24 100 37
19 90 24
6 37 11
96 112 78
67 102 37
23 103 73
33 38 18
94 110 100
12 93 70
92 135 40
49 105 25
72 116 38
18 23 27
74 97 73
62 117 19
58 124 67
134 136 19
0 40 57
89 131 100
12 36 38
30 78 11
89 123 84
34 83 84
123 135 34
90 112 54
17 66 23
57 121 53
47 121 54
16 32 83
54 65 42
51 74 88
107 137 88
33 98 93
51 113 80
43 75 48
46 108 87
63 124 70
82 114 41
81 125 8
53 65 93
49 125 30
11 78 28
91 105 37
1 132 79
72 133 86
0 24 10
17 86 87
9 68 30
0 26 31
1 131 19
21 85 77
51 125 13
31 52 69
64 123 50
27 77 33
3 22 64
13 115 18
12 73 12
46 100 85
72 120 11
3 30 95
103 111 78
3 51 11
36 81 88
20 69 53
22 54 96
49 67 12
4 120 93
2 85 2
16 88 54
49 63 47
12 91 68
47 77 16
14 115 20
23 136 100
36 48 6
109 134 61
22 133 67
28 70 10
8 105 58
67 95 8
27 135 28
103 138 97
22 61 23
32 108 85
41 98 6
49 93 22
79 122 91
43 118 16
67 126 55
14 17 8
56 71 8
89 103 48
90 139 6
63 122 55
6 138 83
114 116 93
42 109 63
85 97 35
54 92 6
41 60 66
47 86 94
18 136 79
26 47 41
30 59 72
61 131 1
95 120 100
110 123 66
48 65 51
27 70 40
30 64 92
102 118 57
0 123 66
9 77 47
34 138 57
11 24 83
18 68 78
66 89 25
9 109 41
101 127 90
92 128 58
73 122 40
62 66 87
8 13 25
39 52 18
30 51 25
1 95 57
0 89 88
76 87 54
21 67 9
51 127 80
12 127 1
81 82 20
24 92 3
73 138 97
42 123 39
4 77 85
24 49 96
100 105 38
93 118 18
53 134 74
79 134 46
33 60 77
13 118 43
17 28 61
60 128 23
73 94 27
19 133 3
11 80 22
34 125 24
3 42 15
12 35 99
35 67 84
18 33 28
107 130 45
77 82 5
26 64 73
16 31 16
23 135 84
26 99 78
71 116 34
49 86 50
52 83 100
70 112 36
14 25 61
92 122 85
6 46 8
18 67 31
50 115 14
29 64 1
105 131 57
1 11 99
6 133 99
2 133 95
119 130 87
31 54 44
10 14 40
14 70 83
90 99 31
90 114 6
36 122 100
6 88 21
21 118 84
123 124 20
34 64 100
32 83 11
95 122 87
75 112 67
43 52 25
16 27 53
10 77 70
10 67 56
4 78 17
23 42 97
0 74 74
15 137 62
36 39 64
115 131 88
20 105 40
37 90 71
51 59 29
107 114 31
30 83 28
24 137 86
91 123 17
18 64 57
63 66 42
45 55 1
23 32 69
2 114 90
91 121 100
14 42 15
32 44 2
55 71 37
28 97 89
33 86 91
39 125 80
54 86 89
8 29 31
79 114 76
33 79 27
2 137 84
105 134 86
23 64 20
22 23 2
8 85 14
32 130 54
29 95 87
92 127 61
33 106 68
57 96 29
15 34 22
6 29 53
106 116 29
61 129 80
36 50 90
68 69 4
43 137 54
69 135 11
62 129 97
43 108 62
18 46 2
45 78 18
5 112 67
61 83 75
124 126 11
36 83 98
25 46 62
10 32 68
74 94 79
96 128 59
16 22 35
117 131 88
64 133 33
90 136 77
36 119 13
48 94 48
49 73 27
44 80 69
8 127 78
47 88 63
53 58 94
31 62 18
56 65 66
34 130 35
61 135 79
11 95 72
15 87 11
71 111 85
1 38 69
72 105 84
25 104 16
29 127 100
132 134 42
69 83 58
55 98 83
25 106 85
1 122 79
1 35 98
7 117 86
93 108 24
47 96 1
12 137 50
51 60 72
21 39 57
26 133 55
90 115 86
88 92 51
11 27 93
19 119 38
21 58 50
58 93 21
65 104 75
28 76 93
87 114 46
28 67 53
17 24 19
45 98 4
27 67 91
21 89 49
24 99 6
14 83 85
64 99 12
81 127 87
6 103 22
61 90 2
44 106 31
31 96 65
18 128 34
2 102 39
77 117 26
19 72 79
20 36 53
129 139 32
24 91 70
57 110 1
13 22 98
2 136 68
116 121 95
62 67 31
75 110 14
1 5 20
66 79 94
60 64 9
66 137 6
57 124 70
31 87 33
39 112 41
25 109 38
34 44 40
17 41 4
25 134 53
67 76 13
66 138 71
49 87 94
38 132 35
78 117 62
71 92 12
56 138 49
22 43 34
8 79 74
54 136 73
40 75 36
96 97 78
21 109 81
55 84 19
22 55 98
18 54 51
86 104 2
28 128 1
59 95 38
5 137 52
50 58 7
58 71 57
58 130 42
50 104 72
23 88 93
99 115 64
121 130 83
88 123 47
63 101 83
67 115 53
59 60 55
14 64 100
9 94 94
77 83 61
66 117 13
32 95 50
78 99 23
13 103 50
95 124 17
82 124 39
3 111 9
92 105 96
57 134 66
57 130 48
30 39 15
100 138 83
20 47 58
52 70 23
20 89 29
35 85 75
7 86 56
37 98 36
78 122 26
54 110 45
38 103 67
60 122 98
88 122 45
89 104 35
68 137 87
17 58 69
26 38 86
97 112 55
32 127 81
25 56 70
34 97 33
0 82 98
52 91 79
65 98 18
13 102 46
49 119 85
119 122 24
128 136 7
22 99 22
106 111 37
1 77 100
49 61 24
113 132 56
24 110 72
16 48 65
82 135 73
60 117 94
23 79 44
80 136 72
19 52 4
52 130 90
90 137 11
56 102 63
65 105 66
37 118 27
42 96 99
123 131 36
22 124 51
57 91 86
121 136 82
96 129 80
81 109 72
22 104 19
0 101 29
66 122 82
57 61 20
57 135 3
19 22 83
16 128 38
45 57 30
85 108 19
70 127 79
38 40 71
46 103 66
51 126 11
58 66 20
3 114 55
125 135 39
73 100 85
98 100 62
3 130 83
104 117 56
16 139 88
67 73 62
44 103 93
4 43 83
62 87 14
19 106 38
65 138 18
41 86 88
50 89 28
45 116 55
3 106 64
43 126 98
38 104 31
89 108 94
11 17 31
126 128 40
18 45 95
40 67 61
2 131 71
0 20 53
23 99 36
2 47 24
24 131 66
36 72 86
107 135 62
71 97 78
132 137 42
64 111 52
96 137 53
33 55 7
20 117 28
18 90 8
43 46 87
16 70 98
24 65 43
104 137 3
78 101 5
47 98 91
19 129 33
113 122 38
68 72 56
108 115 91
67 70 39
13 82 19
105 136 95
86 131 15
47 104 80
2 78 52
26 90 36
68 79 53
14 65 66
45 66 78
30 138 11
29 108 95
82 96 30
110 134 34
27 134 65
41 102 17
53 133 46
75 89 44
21 86 79
19 54 36
111 124 96
25 120 75
68 123 70
55 105 60
71 100 87
19 131 56
31 99 25
52 68 1
9 31 33
7 12 2
83 92 66
29 90 14
16 34 88
22 102 78
53 55 31
53 100 23
60 61 96
55 85 95
8 138 79
30 109 94
62 85 17
37 76 77
16 49 41
2 18 69
12 108 4
2 130 51
23 60 55
3 136 33
1 129 79
49 107 57
34 60 84
93 135 13
43 94 25
25 83 99
49 135 14
96 132 51
74 130 50
14 31 9
1 25 12
26 36 60
11 72 50
24 125 34
94 118 9
31 64 87
31 123 94
87 116 37
24 54 68
43 59 83
48 134 47
62 132 56
78 114 5
101 120 74
24 53 1
56 63 14
7 83 97
32 135 60
68 91 10
124 136 59
83 114 74
64 76 94
115 124 3
35 125 6
52 123 86
19 83 6
35 107 4
83 121 46
37 102 91
5 69 78
101 104 36
10 61 44
23 56 98
92 136 76
91 134 50
21 51 72
74 79 25
27 106 36
7 32 93
21 70 23
22 106 5
6 91 78
12 32 62
43 98 90
46 102 28
28 116 36
76 122 57
6 130 36
39 76 28
2 90 60
83 118 79
28 103 23
38 65 82
66 97 2
12 33 90
33 135 89
55 111 53
40 51 99
61 89 71
23 128 79
41 111 83
64 85 84
48 121 3
59 81 52
1 102 12
16 40 79
41 92 17
95 101 100
71 120 89
74 136 83
21 102 74
42 135 53
42 83 77
86 102 94
46 128 95
52 114 39
85 131 61
36 121 67
46 105 27
89 97 58
23 70 37
43 117 55
68 73 57
13 41 20
76 98 72
42 45 1
6 74 69
38 139 32
10 138 81
73 98 12
5 116 91
43 134 94
30 60 44
31 128 85
11 64 65
39 118 59
13 57 91
8 31 35
23 38 45
4 70 92
40 134 79
66 92 62
104 120 66
115 136 1
48 84 34
64 72 10
32 90 47
29 94 78
55 99 69
133 136 40
85 126 88
43 105 40
6 52 35
17 103 66
79 93 86
37 137 30
21 76 2
63 108 17
96 113 95
13 31 76
73 110 71
116 123 42
118 133 89
33 74 46
15 108 28
67 101 88
57 63 18
58 116 14
74 114 71
30 98 54
18 27 19
34 48 24
27 64 55
101 108 71
9 62 19
8 114 47
100 117 94
64 91 42
30 70 9
98 103 20
5 105 72
4 109 89
91 115 40
49 134 13
17 65 88
2 128 65
83 88 85
77 95 94
22 66 44
45 62 12
0 62 67
56 105 88
84 129 31
64 134 96
24 73 12
17 104 82
42 117 20
57 115 53
59 73 31
20 97 48
18 98 24
86 117 95
51 84 75
46 55 34
19 113 23
13 110 14
91 106 76
7 114 78
65 130 52
84 105 56
17 130 80
74 84 57
37 49 27
48 69 21
16 112 52
47 117 73
106 113 91
90 103 45
106 120 25
1 108 54
7 84 67
44 78 79
45 106 89
39 129 2
27 95 73
106 118 66
9 104 10
4 61 84
46 64 21
17 32 12
0 103 16
85 115 90
51 77 61
92 134 10
63 65 37
11 123 89
110 119 83
49 92 88
3 113 33
73 104 86
17 44 39
65 99 47
15 40 63
38 125 15
39 115 27
66 121 8
35 84 71
51 121 19
74 86 52
10 97 42
24 31 35
29 63 94
7 75 48
19 82 19
60 101 27
62 102 13
20 23 68
18 94 93
11 76 38
7 70 52
34 47 71
65 120 93
18 81 60
43 68 55
61 124 17
71 94 63
105 109 65
9 100 32
16 122 82
4 81 19
57 137 67
51 69 42
47 75 7
114 120 10
15 62 23
72 92 96
31 55 76
90 98 99
56 129 90
70 77 79
34 105 26
21 57 50
44 75 93
5 111 86
4 41 59
109 130 12
87 90 99
54 105 81
20 50 69
11 13 6
23 41 71
52 65 27
76 83 7
5 84 17
8 113 88
44 92 1
7 135 27
91 127 45
3 35 95
79 80 98
14 29 29
18 115 16
6 86 19
34 45 29
27 130 24
46 67 38
26 32 21
109 122 16
48 63 55
5 15 37
19 118 61
11 113 80
7 28 85
64 128 62
12 113 39
63 138 61
31 115 40
44 49 83
39 126 64
35 78 100
35 122 14
53 84 17
23 37 90
44 89 75
26 80 54
54 116 40
66 102 94
65 135 37
67 105 18
11 14 36
34 88 88
110 128 2
99 108 22
10 132 8
126 132 54
93 117 57
1 85 67
36 128 100
38 129 14
42 44 30
89 94 89
10 73 38
20 25 100
68 70 42
5 55 88
9 59 100
25 31 79
105 133 63
3 72 35
30 42 58
53 94 68
59 118 53
26 40 8
36 54 55
79 116 64
42 94 29
83 97 69
43 131 55
9 101 61
1 126 50
42 46 88
21 59 79
12 136 23
90 109 100
77 115 90
52 135 22
11 102 45
35 58 90
81 129 56
37 53 91
50 123 44
44 124 58
20 136 95
117 130 46
114 132 6
37 119 100
25 41 68
97 127 12
40 137 95
66 134 50
52 69 46
54 74 78
69 71 67
60 75 25
25 76 75
10 90 92
52 56 54
85 112 100
80 130 76
37 51 7
58 69 32
33 89 35
26 31 68
0 56 48
61 68 32
24 32 83
23 47 94
73 97 34
8 86 33
63 130 18
41 119 92
65 69 4
4 88 32
69 74 42
26 100 4
3 83 63
53 85 29
10 27 22
36 108 64
57 90 89
14 105 87
6 126 17
93 95 10
78 111 3
21 134 57
11 35 7
84 106 81
28 126 74
48 109 50
6 28 23
23 63 26
95 104 83
26 132 30
30 82 80
15 93 28
129 130 30
9 84 96
3 47 22
101 130 96
23 123 5
15 70 40
80 118 99
27 76 69
89 118 12
30 88 7
6 100 90
126 139 42
40 63 31
3 109 95
4 98 17
68 93 76
109 129 42
31 107 17
5 97 53
94 102 93
7 130 40
29 77 88
6 111 28
35 46 10
20 44 50
11 106 28
28 71 47
84 133 60
60 87 89
23 132 61
50 71 79
50 72 15
81 118 4
116 131 74
2 121 3
3 75 80
11 21 1
111 114 45
22 103 15
7 29 45
84 96 50
70 134 70
37 66 31
6 65 14
64 125 72
30 58 45
49 126 7
4 8 30
99 122 72
72 87 12
17 74 17
41 64 34
62 103 48
111 122 26
62 136 74
16 23 40
78 126 47
38 90 29
94 128 11
66 139 10
33 96 12
48 79 57
1 105 84
8 36 59
83 101 64
14 22 55
60 127 66
58 73 10
9 106 36
73 118 9
60 120 12
36 117 31
76 117 20
75 96 72
29 136 14
18 20 93
46 78 89
53 137 21
99 103 5
49 131 2
38 117 99
63 79 63
53 77 59
57 113 21
13 43 91
34 85 20
4 22 58
81 101 53
22 114 86
14 111 45
33 120 80
41 103 9
64 136 100
19 95 20
12 58 18
12 52 15
105 117 90
82 119 10
10 84 10
130 131 58
64 132 41
111 121 63
39 93 60
18 42 59
6 120 72
93 132 54
84 87 18
69 94 13
4 20 24
15 51 41
70 105 10
78 80 94
104 131 74
69 117 72
1 12 76
27 83 41
0 55 89
21 65 30
50 93 40
5 130 32
16 58 30
48 130 53
54 76 75
127 136 9
65 79 42
38 41 16
51 56 79
76 104 17
38 82 23
9 64 32
25 64 41
120 136 35
65 86 13
17 125 23
50 77 64
23 61 28
65 82 93
15 104 72
26 117 94
63 128 54
9 75 21
98 121 42
37 79 2
75 120 61
20 98 51
3 81 81
53 66 77
5 42 93
81 86 19
46 50 60
37 86 15
80 87 49
43 78 85
35 51 52
7 40 32
41 45 12
8 35 13
26 134 95
44 81 96
23 100 2
59 65 93
78 136 93
36 52 84
67 118 61
15 45 73
18 126 20
92 116 97
92 125 94
10 122 38
41 117 28
26 65 69
5 67 57
10 121 45
103 118 8
68 109 32
40 57 67
10 65 73
59 122 5
1 68 95
53 95 65
83 136 59
42 89 82
49 68 24
21 100 98
61 134 61
36 87 27
56 114 41
89 101 66
55 65 96
85 99 84
12 28 98
5 133 7
5 44 19
5 13 55
131 137 14
86 95 22
68 121 44
44 123 50
24 94 90
77 94 47
1 84 41
15 49 2
89 115 18
7 106 1
0 1 16
50 61 84
17 38 35
70 118 33
90 130 19
72 79 75
24 84 51
7 123 93
92 129 44
28 118 75
48 89 31
43 135 13
89 127 79
67 138 19
94 111 21
7 80 57
10 109 91
30 80 32
61 130 100
95 136 68
14 103 67
82 126 27
19 63 64
4 15 15
35 81 57
97 138 27
18 121 55
88 129 94
20 124 28
38 75 9
95 109 23
30 79 32
2 26 86
58 121 17
62 75 12
21 82 64
80 114 73
68 84 7
83 87 69
59 113 93
118 126 35
28 129 44
17 134 41
16 64 95
8 38 64
82 102 84
49 51 88
63 106 3
55 77 66
125 137 98
89 136 29
55 107 60
22 80 91
52 92 56
4 108 4
69 110 63
113 124 40
91 129 31
4 29 94
15 36 7
47 118 49
9 66 86
84 99 68
65 80 77
60 108 91
75 136 43
48 126 70
33 107 21
26 105 93
19 135 37
48 59 66
16 132 75
15 60 60
33 67 3
44 132 73
46 96 30
39 128 53
35 136 8
80 138 42
12 40 54
107 125 20
38 55 81
38 102 56
93 98 61
23 96 9
29 113 24
3 116 55
8 26 94
38 93 12
56 99 97
2 60 14
97 100 37
112 118 41
32 138 23
57 138 69
124 139 66
86 122 89
3 129 27
6 20 92
45 89 95
25 35 89
60 77 42
40 117 2
13 71 64
3 93 44
57 75 16
87 94 55
76 90 2
53 108 14
61 73 97
49 94 95
27 129 63
51 115 35
72 77 79
68 108 7
71 105 39
53 107 78
61 105 20
35 43 9
23 53 28
47 129 79
7 9 86
102 123 51
10 29 11
36 99 46
82 94 21
90 105 41
49 120 23
24 97 47
49 136 16
37 103 54
1 46 27
32 54 52
91 109 46
93 137 48
3 21 44
18 82 76
37 42 2
40 70 45
17 70 66
58 78 42
101 105 24
12 103 67
34 114 61
31 41 39
34 54 88
42 129 3
102 132 54
56 86 55
59 94 22
54 133 77
42 112 44
14 121 45
60 92 59
97 98 61
87 97 91
116 130 31
33 134 90
22 42 67
6 62 8
42 54 41
34 51 62
2 44 48
7 99 65
46 87 38
16 92 49
106 117 20
41 132 25
89 132 95
40 45 74
4 24 18
61 107 100
49 80 12
35 90 83
30 118 41
0 69 58
28 138 100
83 119 62
4 49 21
53 117 99
12 90 2
111 132 78
0 54 25
75 131 31
125 130 4
114 123 13
79 131 32
10 91 93
18 53 6
111 120 9
0 98 68
5 17 42
107 134 14
68 135 63
35 100 60
69 82 25
55 79 96
37 95 42
72 99 73
38 114 86
13 113 78
79 94 53
36 102 57
105 107 73
78 139 93
80 107 29
60 86 2
38 100 32
17 21 40
59 70 49
53 126 3
65 108 42
10 53 60
8 100 80
28 37 64
44 48 57
49 84 39
12 66 15
21 40 89
84 130 22
18 36 83
4 136 73
24 76 97
16 76 72
16 120 41
9 134 82
6 71 82
102 131 28
79 92 62
90 95 16
136 138 10
119 139 61
29 99 8
3 77 100
99 130 56
65 96 73
2 111 87
36 131 90
65 137 32
1 6 57
109 132 55
82 138 55
61 138 71
19 55 8
68 127 8
27 113 89
58 61 28
61 78 24
109 125 63
124 127 67
77 118 83
25 118 59
54 135 18
55 126 43
33 61 76
54 102 8
23 65 49
25 42 52
9 132 98
37 92 100
25 128 67
19 43 37
8 96 21
34 134 47
69 108 21
76 107 42
15 56 80
2 59 18
41 63 98
72 130 49
20 121 40
47 130 9
69 127 91
38 60 22
35 119 50
93 111 80
54 57 8
1 139 14
15 129 16
95 97 12
122 126 28
35 36 88
47 94 84
45 71 17
20 43 94
97 105 9
69 101 26
0 50 51
38 62 35
39 68 37
88 98 10
5 71 96
26 81 66
10 89 67
31 37 80
47 120 81
89 90 69
95 108 2
26 42 16
46 86 29
32 34 52
94 127 27
79 102 18
66 116 84
16 111 91
46 98 15
29 135 2
50 137 60
35 50 95
40 41 47
80 129 39
57 101 18
11 89 39
10 41 44
18 117 86
106 123 47
22 81 5
99 104 79
38 79 25
2 22 53
8 115 14
57 73 100
66 119 42
15 66 50
7 113 31
41 124 50
69 121 50
71 138 28
60 133 65
61 104 35
10 22 73
25 101 60
87 111 14
106 115 97
3 40 32
111 113 71
68 101 93
5 103 98
20 54 88
87 138 79
54 85 2
27 89 10
110 116 33
79 115 28
22 130 6
50 113 49
10 95 53
11 121 27
6 16 16
26 51 12
2 68 84
79 105 17
102 112 19
100 126 49
38 77 16
31 136 28
28 68 10
38 47 30
100 108 37
67 96 27
30 35 100
29 73 63
7 26 84
30 95 37
0 92 100
44 59 10
40 84 16
10 64 40
21 36 86
15 44 51
44 61 1
20 24 84
48 100 85
14 24 3
21 110 33
34 41 11
136 139 93
15 131 12
98 131 18
28 63 19
72 129 3
57 79 8
36 37 69
3 95 43
54 131 17
63 111 17
102 121 50
98 127 64
19 28 10
78 115 94
2 108 74
25 98 48
8 58 55
98 114 79
15 33 89
93 116 17
112 124 68
26 135 63
49 108 62
113 130 64
5 125 46
14 63 84
23 66 42
69 130 97
46 116 19
33 127 27
48 133 89
2 92 13
120 137 59
12 62 60
92 124 9
8 56 50
88 106 54
121 132 89
70 129 5
101 109 98
104 115 86
36 134 89
85 122 82
99 105 53
80 123 49
65 125 70
78 89 66
70 101 13
48 56 78
52 53 12
40 49 3
129 131 88
27 107 48
15 138 54
104 113 77
112 117 42
39 83 70
31 100 46
94 131 30
28 61 48
103 104 41
116 126 62
19 115 47
60 132 20
38 96 11
84 112 80
52 101 87
72 103 89
50 120 91
11 65 55
5 56 81
83 112 46
29 117 1
51 114 52
69 118 75
38 67 47
17 25 24
9 50 45
11 86 45
52 86 69
69 100 59
24 33 61
70 85 2
54 113 74
39 99 47
21 93 65
54 67 68
94 136 58
3 36 96
23 49 18
18 99 44
16 35 65
88 130 16
57 67 57
20 125 45
59 115 22
9 37 92
30 101 40
30 113 65
80 115 21
16 73 29
117 123 44
53 105 28
27 126 98
28 36 20
13 69 14
48 127 66
137 139 75
11 84 51
28 66 70
27 52 3
16 119 18
32 132 38
22 109 72
5 49 67
100 106 37
10 68 8
25 65 52
70 107 16
54 96 97
18 32 88
88 97 31
21 38 77
71 122 97
92 94 7
11 29 12
68 124 35
51 78 56
50 100 14
43 55 4
25 39 16
66 114 35
48 138 31
35 65 90
14 69 92
72 97 80
22 39 51
25 73 80
10 112 35
4 73 55
37 80 35
18 111 66
24 62 20
2 56 89
18 31 14
67 75 56
44 58 43
85 138 66
32 84 98
36 129 98
21 135 90
17 131 76
3 131 16
94 122 95
85 106 94
17 126 54
9 97 58
85 94 91
99 112 55
6 112 84
21 124 15
3 7 96
95 117 62
24 58 51
91 104 69
11 92 98
14 75 75
33 63 39
52 71 46
116 119 52
56 78 22
51 53 35
107 129 51
67 91 7
13 98 94
51 85 81
49 104 55
28 92 25
46 126 45
35 74 31
127 137 76
75 118 61
97 114 50
40 100 29
108 121 99
97 115 53
77 112 82
9 42 9
22 35 58
10 72 100
17 26 84
46 63 81
53 81 64
8 125 6
20 45 1
58 70 96
51 118 27
127 133 85
26 109 6
6 78 75
96 107 64
121 131 55
52 129 48
103 128 12
