4900 100
10 59 55
83 90 48
14 98 73
18 73 13
32 71 85
1 43 10
16 63 80
58 63 20
62 90 92
54 95 13
14 75 37
38 78 19
20 22 95
37 91 54
62 96 100
51 52 33
9 41 88
19 33 87
84 92 82
44 66 5
87 89 69
35 94 85
50 92 98
65 72 9
62 87 75
13 21 25
15 87 87
83 85 23
29 71 61
20 29 70
28 95 3
20 36 74
97 99 16
14 24 61
1 86 95
1 6 45
10 19 61
63 85 85
24 99 57
25 50 47
15 50 82
22 42 46
71 89 2
7 11 39
2 43 87
48 59 64
5 30 30
43 54 13
23 60 37
44 49 76
2 61 43
0 24 32
24 33 38
4 60 77
67 80 39
24 79 100
22 67 24
15 66 28
24 89 40
82 92 15
20 63 44
38 49 11
38 61 27
78 81 88
8 31 51
33 50 21
8 87 41
55 57 67
0 86 9
6 40 60
58 82 23
33 47 33
25 34 18
8 65 21
80 85 52
0 29 41
27 74 94
28 88 65
62 63 6
24 30 63
42 52 92
16 86 94
72 82 7
39 78 5
0 57 8
90 92 55
6 78 47
7 76 10
6 81 56
1 76 4
5 54 69
21 87 30
43 85 99
65 86 84
18 92 17
37 38 16
17 62 71
51 54 17
29 87 19
3 23 36
89 91 55
54 83 21
1 63 11
64 98 97
37 80 97
64 91 85
41 80 94
8 66 77
80 94 90
7 13 42
20 91 12
30 72 38
10 32 37
63 77 38
7 52 78
23 71 57
82 96 30
45 92 13
57 64 30
14 15 30
10 79 80
10 66 7
23 28 5
10 64 81
32 38 98
15 34 62
24 31 61
23 78 52
27 93 9
31 39 47
1 10 8
4 79 73
73 90 89
18 44 75
16 49 21
49 64 15
59 95 16
15 60 95
0 49 10
4 10 86
14 77 57
0 70 95
48 90 46
43 81 71
35 60 75
24 38 46
27 99 93
75 94 90
21 77 10
10 84 85
54 81 26
32 40 94
20 76 70
56 86 86
3 21 35
27 78 44
18 84 91
11 71 55
64 96 44
18 72 4
70 72 34
13 38 81
45 58 40
21 25 8
34 45 6
30 55 43
44 82 21
55 77 31
71 90 78
0 73 100
84 93 88
41 90 19
2 9 100
19 24 44
16 81 66
35 58 59
30 41 47
16 79 22
86 90 14
19 91 90
24 73 94
6 96 74
63 75 93
17 48 48
16 89 83
24 35 3
77 83 45
5 39 26
18 39 85
32 86 87
31 40 4
44 75 45
8 54 3
14 74 82
59 80 56
56 65 43
13 31 41
73 76 42
4 55 85
6 99 81
50 69 68
36 59 64
11 19 57
38 42 61
29 63 92
27 66 1
55 65 27
52 74 49
53 93 8
25 31 71
35 86 79
80 98 75
48 82 68
66 94 99
42 87 52
23 51 22
55 67 69
12 33 56
25 70 89
25 74 88
35 81 7
0 3 99
0 26 55
20 45 5
18 58 74
1 50 5
60 79 27
15 20 95
0 23 84
30 34 95
50 75 92
87 88 25
73 79 92
12 64 32
67 76 11
32 63 89
13 28 47
59 88 48
27 67 49
9 62 7
45 85 37
68 84 76
51 96 59
26 30 34
4 25 35
61 67 76
24 34 61
44 62 53
36 62 65
11 65 24
13 89 18
12 30 75
22 41 18
18 63 47
18 62 72
72 86 96
12 18 4
35 44 78
47 95 7
28 39 73
42 76 35
75 87 77
59 69 6
10 42 96
23 43 30
63 83 87
40 50 44
71 72 88
51 83 17
74 84 31
63 86 4
10 73 6
47 66 5
4 9 78
28 32 47
16 93 36
40 60 86
21 90 8
29 37 81
75 81 43
36 81 82
15 99 31
8 63 44
37 58 51
65 85 49
26 99 55
13 17 17
66 84 66
18 79 1
13 32 49
26 37 50
12 92 56
13 48 4
5 15 57
19 59 36
61 82 69
23 92 88
21 68 94
74 83 5
63 73 92
65 83 35
50 66 27
28 78 85
72 98 59
60 87 9
13 71 93
68 97 44
10 26 64
35 80 36
8 27 70
16 59 91
96 97 14
38 54 73
48 49 9
10 39 29
67 96 23
31 49 33
22 77 42
23 54 37
55 99 90
25 80 81
57 70 73
68 74 82
80 92 92
27 28 42
17 82 32
39 49 92
12 73 74
6 29 18
12 91 64
39 52 55
28 50 68
25 47 23
66 85 23
28 85 86
0 71 18
17 25 21
1 59 53
2 99 80
32 52 73
12 62 50
15 78 6
0 93 59
23 93 23
10 35 45
80 81 29
52 55 80
83 97 18
45 71 12
63 66 41
43 96 26
18 43 19
3 59 73
35 76 5
27 86 41
46 75 81
76 86 8
61 99 99
5 78 30
14 28 79
79 81 39
13 20 63
66 91 67
31 90 3
67 90 60
20 51 48
13 22 3
23 89 48
59 92 10
34 79 38
21 59 15
0 52 43
9 32 53
37 50 56
52 99 5
66 81 23
0 79 52
44 93 77
12 35 43
9 78 87
13 18 82
6 73 9
25 88 91
6 34 11
21 27 62
20 69 52
69 78 26
68 77 92
47 68 49
46 66 10
39 61 81
15 42 99
11 74 32
33 60 80
46 50 82
68 94 90
19 84 78
60 86 49
38 52 32
18 56 68
29 58 28
31 64 83
84 98 21
31 92 69
38 74 99
16 94 86
19 88 20
5 77 33
26 98 45
2 63 86
18 34 100
89 94 25
13 23 17
67 87 19
25 90 94
43 53 58
19 72 89
25 89 9
15 83 8
3 52 78
28 83 87
48 85 51
5 36 70
48 51 10
8 19 99
13 83 51
10 56 62
12 57 49
73 74 55
70 83 34
25 87 39
12 21 93
30 95 89
70 89 22
58 60 47
29 42 23
58 59 96
8 69 64
26 92 30
0 98 90
75 98 39
51 66 84
36 89 39
43 48 47
66 97 13
0 82 68
3 5 73
29 51 21
15 45 86
28 49 38
66 99 96
37 41 24
40 53 88
42 44 97
73 88 56
28 30 54
36 57 87
16 90 20
9 30 53
24 78 7
49 50 89
3 42 47
17 27 57
1 91 65
42 95 68
26 89 63
8 53 30
43 74 98
59 75 70
41 46 15
65 74 82
2 96 33
41 98 66
34 97 45
21 48 12
51 90 50
1 56 24
30 43 82
57 65 16
21 83 87
57 95 74
34 46 95
25 94 98
47 61 49
37 67 12
9 44 68
45 97 77
6 75 42
33 54 95
11 64 58
25 63 7
19 93 32
38 72 24
20 88 48
18 50 13
11 97 93
56 68 89
3 6 81
16 41 95
25 67 47
36 38 75
80 89 1
78 98 6
31 76 39
7 98 51
23 24 55
5 9 27
16 74 19
50 93 88
90 96 15
6 22 81
16 82 100
12 42 12
11 70 82
9 46 99
7 44 4
36 47 79
7 59 21
2 47 22
14 33 8
1 95 97
19 80 39
37 44 76
54 58 97
42 85 62
39 75 70
38 47 60
65 69 29
9 47 46
3 63 65
6 45 55
6 33 71
69 83 88
19 79 69
47 58 11
5 17 46
66 69 85
46 99 40
31 87 40
24 37 25
0 76 77
54 98 59
11 92 96
25 28 42
17 84 42
15 18 81
3 82 91
88 97 68
54 64 6
35 79 73
44 95 72
39 58 95
8 45 72
5 87 3
54 86 64
53 83 99
19 77 94
16 83 19
8 92 33
80 83 11
28 75 100
8 33 25
9 60 19
2 4 21
49 90 37
80 88 33
56 76 78
23 35 57
15 47 67
50 89 47
61 76 46
50 65 49
50 86 25
19 26 56
35 45 84
74 76 47
9 34 40
74 94 25
6 64 64
26 84 46
10 77 100
61 94 15
91 98 37
92 96 75
17 67 59
29 38 43
58 61 97
21 40 48
3 70 11
4 8 20
22 98 77
43 73 56
19 27 46
31 94 38
58 72 26
18 59 82
42 74 21
20 82 25
40 72 24
36 60 58
48 92 48
20 80 48
58 90 34
54 96 2
48 86 8
47 65 18
45 46 64
2 68 28
3 34 100
30 88 99
33 75 93
30 71 80
3 4 7
26 69 25
14 30 40
48 58 71
57 61 11
91 97 28
38 69 66
75 80 98
49 89 67
40 99 87
5 48 33
3 19 100
8 71 62
46 84 15
20 59 98
1 19 17
5 7 38
79 82 20
24 47 20
12 39 11
73 87 34
53 66 19
67 70 95
35 57 24
1 22 93
46 77 36
49 72 66
45 52 58
2 65 23
1 4 29
18 35 16
42 81 84
5 14 22
24 82 89
41 81 71
20 98 39
25 73 89
4 17 56
77 86 1
11 38 66
16 73 56
29 62 86
27 96 60
25 71 89
14 48 40
6 38 33
44 48 39
20 66 48
18 90 66
7 94 54
83 98 47
84 96 59
37 48 72
47 56 27
51 72 8
52 97 66
7 8 59
7 81 26
44 59 23
0 6 86
64 79 9
76 85 34
35 46 100
60 98 16
3 92 16
39 42 94
64 87 71
38 46 31
16 52 54
19 43 39
59 81 96
27 50 84
14 18 30
26 42 87
59 74 73
17 85 68
46 55 58
61 71 9
9 72 41
52 71 41
1 85 94
3 74 81
26 64 53
40 58 6
19 22 31
10 81 67
2 16 56
28 79 25
42 83 25
67 99 34
19 53 78
63 65 11
52 79 30
29 46 2
14 55 2
23 97 50
8 9 27
41 85 69
38 88 76
9 40 42
12 97 22
37 62 22
57 94 48
62 66 32
2 25 45
19 23 85
5 49 40
63 97 2
61 73 44
16 61 66
40 80 69
24 94 66
32 96 29
12 52 86
32 39 74
92 95 39
23 88 89
81 88 80
31 61 78
78 93 52
30 70 73
57 80 26
35 78 6
47 78 55
7 84 33
86 96 40
10 41 67
14 35 18
13 98 73
20 99 99
1 46 20
14 66 92
66 72 47
38 95 16
68 73 77
58 69 97
4 83 13
23 58 6
2 17 31
80 96 95
36 99 13
50 60 56
9 95 12
73 96 75
12 85 98
64 97 85
1 72 87
33 48 41
15 92 41
45 67 6
12 98 72
30 33 46
11 26 20
52 59 21
3 43 17
33 65 47
29 68 68
6 93 12
36 41 69
19 68 36
24 84 11
9 85 47
17 35 76
58 77 91
10 96 17
3 99 27
19 62 94
72 92 69
29 44 56
1 87 75
1 5 41
65 68 89
52 80 84
5 24 2
84 89 91
19 85 57
8 61 52
9 22 10
1 40 5
1 41 32
8 29 87
23 37 61
1 83 33
68 78 37
54 76 27
9 68 39
9 15 64
20 28 59
45 99 33
37 76 39
31 86 25
42 69 85
17 54 62
27 34 78
35 47 95
28 68 98
21 46 18
41 91 50
28 45 56
6 25 46
32 69 82
22 34 32
0 1 80
35 67 96
26 40 59
0 96 73
65 93 3
23 70 67
22 24 85
58 97 4
26 73 9
76 83 48
70 86 80
27 62 23
29 50 74
72 80 31
31 98 40
73 91 28
32 99 72
5 69 20
10 12 6
18 95 54
9 17 28
17 63 80
26 29 84
18 47 7
11 44 43
31 60 48
32 46 74
16 71 41
29 73 86
1 62 42
68 71 18
58 93 82
40 67 78
38 94 63
46 56 58
55 83 21
32 74 39
4 39 84
25 39 29
33 44 69
23 76 2
8 89 88
69 89 87
45 82 3
2 40 28
76 90 20
44 51 99
60 72 15
54 74 84
3 54 39
64 71 55
83 99 52
11 39 87
25 85 16
73 94 95
64 78 61
32 57 89
22 66 61
49 82 16
19 86 81
26 51 25
10 51 68
11 34 86
31 89 24
0 60 95
30 82 51
18 24 27
8 28 100
20 68 43
40 84 61
34 71 89
15 75 66
41 99 81
6 13 99
24 64 66
19 69 13
62 69 29
37 95 52
54 77 79
64 80 39
76 81 56
3 33 10
62 99 41
4 92 76
78 83 32
43 79 79
27 59 88
63 88 90
57 66 16
17 34 58
0 67 65
69 70 41
58 86 5
30 63 32
21 24 71
32 37 7
19 66 89
41 70 43
82 86 22
7 80 2
44 64 73
17 95 21
47 87 48
51 88 96
9 23 81
37 70 36
53 82 83
34 47 39
16 54 76
20 33 82
54 62 69
7 74 83
42 54 73
47 63 89
18 99 50
59 61 82
29 88 19
23 68 90
15 38 67
32 66 96
18 61 64
11 63 31
46 52 57
50 77 4
1 25 23
29 96 75
17 47 17
0 22 72
16 33 67
5 45 90
10 82 78
58 91 79
21 93 2
4 15 46
51 62 93
85 98 10
91 96 6
25 78 75
44 90 11
55 92 25
16 92 81
7 21 66
40 66 87
47 55 9
22 80 50
33 88 85
23 69 58
39 46 72
66 80 82
64 69 19
31 55 79
10 63 97
33 36 31
78 95 98
56 60 99
58 95 85
79 83 70
26 58 71
13 66 3
35 64 20
51 85 66
22 65 53
48 65 12
11 67 74
75 93 5
36 84 58
85 95 55
9 49 56
45 74 11
49 53 78
28 33 91
34 42 21
3 71 94
45 83 60
3 68 13
60 95 20
4 90 71
10 98 66
36 76 13
17 76 73
76 96 90
1 88 5
70 75 23
82 90 30
74 82 56
72 77 13
96 98 84
36 75 11
6 47 57
36 55 68
29 78 54
78 92 7
23 29 77
55 69 26
46 88 10
61 78 81
34 53 92
28 53 25
32 35 46
3 30 42
62 86 19
31 41 50
40 51 12
55 78 4
19 32 100
26 67 2
16 69 83
39 55 57
62 79 41
31 68 7
88 98 93
1 82 38
35 37 97
1 84 36
20 67 30
37 52 96
39 94 63
46 53 29
31 48 29
23 67 92
8 95 20
20 26 56
11 14 90
71 78 75
26 70 43
43 71 54
80 95 2
45 98 67
48 98 67
45 68 69
52 53 1
5 28 96
18 30 61
1 99 42
32 77 19
8 40 86
36 44 99
6 55 24
1 12 14
82 87 68
71 85 6
16 38 53
10 28 65
4 88 49
14 23 6
47 84 5
0 20 56
53 80 52
11 89 34
68 91 65
50 97 30
0 74 10
62 95 60
36 79 46
8 43 63
84 85 68
1 98 20
66 87 27
66 73 38
38 59 19
67 79 41
11 66 80
7 78 42
2 78 5
42 82 23
68 72 97
53 55 82
63 80 69
23 74 32
19 20 29
36 53 74
34 67 6
51 80 10
13 29 85
27 46 77
42 86 25
51 99 68
16 21 18
23 31 94
32 68 7
11 77 1
23 98 44
63 70 22
33 76 19
27 95 89
7 12 44
50 56 7
22 37 12
52 82 31
73 89 17
65 90 29
20 24 28
29 64 96
6 14 21
0 42 48
11 79 78
10 57 93
20 90 77
30 68 96
54 99 84
24 29 14
73 82 29
77 99 62
11 61 85
42 98 47
8 81 6
71 77 4
8 23 89
15 98 23
42 78 72
19 78 78
46 74 34
11 15 10
81 98 8
54 60 67
6 70 76
1 37 78
54 78 59
3 98 24
39 97 84
82 93 82
15 80 1
85 93 73
0 69 6
6 24 16
41 89 70
93 94 93
33 85 84
8 73 95
34 39 27
49 58 28
8 67 13
28 46 64
40 55 18
0 14 84
37 54 38
31 50 49
4 40 54
72 94 41
42 99 25
72 79 8
25 56 39
35 36 81
79 89 13
25 40 63
16 67 99
3 11 64
15 30 3
24 93 99
58 84 15
22 64 77
41 51 35
23 30 32
31 33 30
5 26 8
75 84 19
6 46 6
51 67 21
12 78 31
30 57 55
48 67 70
75 82 9
15 68 79
63 74 40
37 49 67
19 95 59
21 23 61
50 95 83
57 84 51
22 68 95
9 61 70
68 88 89
2 70 36
12 76 68
7 39 46
32 87 29
13 16 37
64 93 56
26 34 50
77 85 30
60 97 89
67 93 10
46 70 7
38 65 28
26 65 93
52 90 100
10 83 84
6 60 18
77 79 55
63 82 74
50 81 77
53 60 77
12 46 63
17 50 43
60 99 89
6 80 4
22 59 56
4 85 39
62 70 29
50 78 71
88 90 56
49 52 32
55 68 26
54 82 10
38 50 66
6 74 78
11 93 42
43 65 88
1 13 68
51 59 96
33 38 88
11 50 91
44 57 56
32 50 61
32 43 99
37 66 86
49 95 48
37 98 78
11 30 83
44 76 84
38 53 29
15 63 64
27 38 38
19 61 49
18 31 24
22 54 3
26 62 76
2 26 55
41 45 84
47 92 11
12 29 11
25 72 85
21 35 67
28 41 59
45 57 15
6 42 10
9 74 72
90 94 43
20 50 9
16 42 59
26 79 20
5 70 91
28 98 60
30 64 23
0 38 29
25 84 19
8 26 84
4 24 80
42 77 98
83 91 76
29 56 39
13 49 26
12 81 12
36 56 17
25 96 44
22 38 40
8 76 47
7 20 78
11 28 93
16 48 51
29 67 63
71 96 50
42 49 72
32 34 38
48 74 61
87 99 44
39 79 95
44 52 6
0 72 65
53 54 28
6 86 78
59 97 51
37 65 7
19 35 35
27 72 39
12 71 55
12 95 100
43 68 72
34 40 50
14 20 37
44 74 38
28 73 51
1 27 67
60 82 80
2 19 100
11 18 2
25 58 36
27 57 38
2 69 89
7 15 24
1 23 27
4 19 17
56 61 33
42 71 1
60 81 91
21 53 4
55 56 54
30 93 93
55 76 43
8 36 68
4 97 92
65 77 54
33 66 36
54 88 90
26 52 40
59 71 75
34 51 58
31 36 57
29 40 6
9 90 84
58 76 10
50 59 30
84 91 41
2 86 87
20 74 28
76 80 98
10 53 16
1 57 79
32 83 56
57 96 94
6 61 5
27 90 65
32 84 61
8 44 22
85 97 82
27 73 56
38 48 94
16 24 98
37 68 42
13 94 3
30 76 39
81 97 67
54 94 9
19 52 43
69 98 59
57 76 83
27 53 56
3 45 22
7 79 12
1 75 61
49 59 72
11 75 60
33 78 74
52 81 88
12 36 64
15 44 27
71 74 89
52 62 43
33 77 17
20 84 14
52 95 43
20 25 37
59 62 91
25 79 49
51 82 51
36 80 40
23 72 61
20 65 54
83 94 47
69 88 16
82 88 68
31 46 73
6 94 97
7 40 77
6 20 75
7 42 99
20 40 93
17 73 79
25 91 29
14 91 96
3 73 93
49 87 55
20 94 4
29 76 53
1 44 27
54 72 91
49 85 45
7 64 76
16 20 13
4 23 9
53 98 58
6 9 47
63 79 86
39 84 45
63 98 83
29 30 8
0 17 84
6 17 22
4 72 72
78 86 33
28 86 86
27 84 53
21 69 59
29 92 35
73 85 43
3 93 11
12 84 27
11 36 22
53 91 86
1 54 12
43 67 3
27 68 96
6 59 83
9 42 55
39 43 80
51 60 40
27 97 73
53 67 52
52 73 78
16 36 69
32 48 68
49 55 90
63 78 62
15 17 18
41 78 98
45 56 2
5 6 100
5 92 43
0 99 97
27 55 63
24 42 98
56 67 22
21 55 52
19 36 29
71 88 30
22 49 31
34 81 31
20 60 37
82 94 41
3 24 72
37 93 7
65 81 64
43 69 60
56 94 58
3 35 32
11 20 46
35 63 69
1 93 72
57 79 65
47 48 73
19 54 8
23 82 16
28 40 62
29 81 80
33 61 81
12 43 70
20 39 1
28 31 79
77 95 83
28 59 93
70 80 17
16 60 47
67 86 13
15 82 50
37 40 46
26 81 51
28 82 3
12 58 44
26 43 74
31 44 42
21 56 78
21 44 29
22 58 44
17 97 47
0 41 82
6 95 68
70 98 60
14 53 16
17 98 26
21 38 16
7 67 89
40 97 14
26 77 62
36 82 24
47 72 56
33 46 12
37 71 68
43 92 47
20 23 95
21 32 41
16 43 7
52 91 7
29 57 14
0 61 92
35 40 17
15 85 29
17 37 40
15 19 6
16 28 67
86 87 15
49 99 79
7 92 98
37 43 23
38 44 60
51 61 34
33 80 89
16 77 19
61 85 47
22 78 33
15 33 2
22 73 76
58 67 38
4 84 52
31 66 65
7 90 7
70 79 7
5 31 27
16 57 41
45 96 97
46 87 64
13 14 59
19 25 15
21 29 93
10 55 20
75 78 5
4 78 48
39 80 94
45 89 38
2 24 9
35 41 48
55 93 19
3 56 52
37 92 73
1 8 95
76 84 94
60 71 77
7 45 93
77 97 45
84 99 41
8 56 44
13 78 52
36 67 79
18 21 74
17 31 27
18 27 31
24 25 51
19 81 93
27 47 45
13 82 29
11 32 2
8 91 2
68 98 28
28 74 86
60 84 3
15 51 7
66 76 91
22 71 14
94 95 43
33 40 82
10 97 51
6 69 42
37 61 65
35 55 10
19 70 7
1 69 23
40 74 17
46 67 12
43 58 2
24 75 21
36 43 52
14 78 17
12 67 25
14 31 86
55 63 36
39 92 18
3 76 75
57 73 39
7 85 81
83 95 93
26 95 2
35 66 62
66 75 3
12 83 16
29 53 34
71 79 30
30 89 66
4 80 68
55 60 84
41 92 22
26 72 88
47 73 80
26 38 18
25 83 38
42 79 75
85 91 58
24 80 70
16 37 60
89 97 6
9 57 75
69 99 31
36 69 4
32 94 50
18 23 39
2 10 57
8 93 50
43 45 41
3 88 23
39 51 3
81 96 89
52 66 29
19 50 61
3 38 69
45 64 72
15 88 82
0 5 16
24 40 38
76 97 56
70 87 78
29 70 75
81 90 42
49 57 86
61 77 25
22 30 86
60 85 67
10 49 11
14 45 4
19 44 47
30 32 51
39 56 82
10 31 35
49 68 43
11 54 82
20 85 21
59 91 31
0 97 3
25 60 31
4 61 29
69 74 69
7 27 28
69 96 27
58 66 25
5 53 67
24 52 57
49 80 29
0 94 64
39 63 58
25 95 13
6 92 1
49 93 12
5 37 63
9 93 87
86 92 21
42 55 11
3 77 18
82 85 27
71 93 90
47 76 87
13 63 36
18 78 1
18 85 3
31 59 17
85 94 4
2 55 33
22 75 25
60 83 37
43 75 2
17 94 46
2 71 45
79 85 50
21 43 69
33 51 55
68 99 36
69 82 92
44 69 99
4 86 27
18 46 98
12 86 7
75 96 95
47 54 1
8 48 17
15 43 75
53 58 92
33 56 93
9 38 30
17 70 80
28 92 86
44 60 20
29 65 98
2 84 43
13 97 23
69 75 8
86 95 52
15 64 53
78 85 41
43 82 18
5 8 60
17 19 64
4 26 42
27 98 76
68 76 57
53 65 17
57 93 47
7 22 90
43 86 37
32 70 80
20 70 92
23 62 5
2 76 79
37 72 76
41 71 4
31 43 62
11 43 71
36 86 49
54 69 79
74 78 84
8 72 67
33 55 75
76 89 65
62 93 88
31 58 39
51 55 31
11 76 75
0 81 48
3 60 21
22 44 22
56 82 3
8 37 87
81 95 86
26 87 47
10 80 46
17 77 94
49 98 4
68 69 90
79 95 64
3 83 11
22 86 54
54 67 2
48 55 17
9 36 96
59 98 3
20 97 98
86 98 27
43 77 84
40 71 96
65 76 55
88 93 17
9 91 25
79 86 68
37 78 56
6 27 27
19 92 57
14 44 88
13 81 93
29 86 10
8 47 28
17 61 75
12 47 75
35 42 13
18 55 55
18 98 78
26 55 10
38 60 76
41 83 55
0 21 78
68 92 32
30 38 38
20 57 10
14 46 8
13 87 11
71 80 25
61 74 52
33 73 99
21 57 18
7 69 35
10 22 36
15 74 17
34 55 12
3 41 60
15 23 61
15 37 3
7 25 19
5 59 45
39 50 19
87 94 28
19 28 52
58 65 74
12 96 25
1 38 77
53 94 87
21 73 59
35 48 66
47 51 12
12 13 21
41 74 15
58 75 60
77 90 4
17 65 78
12 34 54
2 41 46
2 93 55
2 64 85
26 82 57
0 33 16
61 84 69
68 90 100
9 18 73
46 48 21
8 46 63
10 33 39
12 93 18
51 57 63
66 83 69
8 90 74
11 59 43
24 74 81
35 65 79
53 77 76
50 76 71
74 97 56
7 38 89
55 74 55
26 78 59
34 49 19
10 75 54
21 70 25
34 72 50
49 56 14
16 84 84
8 25 38
45 90 46
7 96 83
16 85 14
37 85 89
18 53 75
35 53 3
41 55 10
37 97 38
49 78 3
21 36 18
3 18 86
6 7 94
25 29 68
20 75 78
54 71 56
9 13 20
29 32 47
4 30 22
50 99 63
22 91 68
3 91 47
87 98 76
63 69 11
14 84 23
40 95 12
47 88 2
14 58 79
3 80 37
14 82 42
10 67 8
11 29 26
20 34 68
33 67 52
17 89 40
74 87 10
31 97 54
0 95 29
48 71 32
35 84 11
1 77 23
30 98 94
31 51 78
4 28 55
27 76 80
13 54 15
27 44 93
31 85 85
33 43 57
42 88 8
28 52 57
9 50 2
56 93 79
6 32 53
9 28 42
27 81 98
7 70 99
82 99 73
19 40 31
43 94 46
19 42 82
26 85 6
28 69 37
13 27 61
40 45 90
33 87 56
14 38 92
29 97 43
9 11 65
55 58 27
40 87 17
2 36 24
10 78 21
16 72 93
16 70 48
37 86 90
8 30 9
50 62 33
30 66 37
28 37 46
5 68 33
6 11 30
69 94 1
46 60 53
46 61 23
8 68 90
54 59 48
15 89 35
12 17 25
46 80 72
48 78 76
69 80 46
85 89 22
15 54 4
59 79 27
72 99 44
39 47 11
61 89 94
17 93 12
30 80 89
60 75 49
35 98 4
23 73 30
13 73 70
7 88 26
5 99 2
14 97 68
63 67 20
79 88 68
1 49 52
0 18 7
13 96 41
5 74 17
21 26 75
26 63 63
18 87 18
22 31 18
3 17 50
11 24 76
0 80 16
21 71 23
40 96 74
55 89 81
93 96 31
72 88 29
58 98 20
34 88 44
70 95 4
14 69 44
11 91 13
16 58 37
30 78 87
64 73 6
0 90 72
37 96 60
44 78 34
0 55 34
10 13 24
42 89 38
21 72 15
34 56 44
13 77 65
1 24 10
0 37 44
15 32 2
10 89 59
32 89 93
19 29 29
6 8 52
16 80 71
9 99 35
78 89 37
24 58 52
39 77 78
22 53 30
41 94 24
5 85 16
12 82 26
38 41 16
1 79 16
0 62 26
7 23 46
0 9 50
27 63 72
23 25 21
54 89 42
5 50 9
26 33 15
8 97 26
53 87 87
37 69 74
31 81 54
28 62 27
2 6 4
37 77 19
43 80 81
63 92 8
24 36 98
20 35 51
40 94 45
6 66 29
62 74 64
40 78 19
11 12 2
54 93 68
8 41 38
8 14 31
15 96 28
91 99 58
20 52 36
66 88 92
17 88 5
8 13 91
5 19 89
7 46 90
2 49 56
44 54 20
29 52 35
4 76 35
21 58 23
48 53 94
36 85 69
30 45 77
26 80 12
29 90 73
7 66 92
8 58 71
38 90 3
22 56 56
12 77 71
25 42 49
2 29 34
7 31 39
74 96 44
66 95 74
56 97 91
36 71 100
35 69 4
16 91 19
26 45 63
22 83 25
9 33 53
14 64 18
40 47 83
44 98 28
61 96 67
31 75 70
41 93 9
39 60 66
1 96 82
7 19 12
1 60 68
25 46 73
23 33 35
34 66 90
1 80 4
53 61 66
34 36 22
57 62 77
26 59 25
26 36 91
16 26 34
70 88 62
2 77 33
12 32 50
17 33 71
1 29 70
14 73 95
40 75 5
18 57 44
21 49 7
87 97 41
21 74 92
4 91 10
34 61 58
0 91 41
34 83 70
58 79 3
15 16 93
86 94 47
24 97 6
14 39 57
2 23 96
9 75 59
94 98 39
23 66 43
4 20 81
33 93 44
29 35 38
11 42 81
43 50 36
23 77 23
40 62 5
13 34 8
23 42 12
49 96 65
86 97 85
25 55 46
59 77 61
41 64 87
4 54 75
43 66 58
46 90 7
13 67 84
25 32 21
73 92 4
42 80 73
8 12 83
82 91 91
11 40 48
20 72 69
75 77 47
55 79 77
44 97 76
24 76 28
2 94 43
86 91 46
28 81 13
14 17 19
25 66 21
17 39 85
54 80 14
0 85 18
27 54 70
14 99 42
54 92 94
53 92 40
47 86 58
27 69 69
28 94 29
2 66 4
34 64 68
26 90 21
33 84 42
3 31 18
21 91 32
59 63 24
1 28 68
91 92 41
79 90 83
3 48 98
2 46 87
56 78 85
3 75 26
39 48 90
23 83 67
42 96 50
38 45 26
53 89 31
5 71 23
26 46 31
23 99 97
65 84 12
12 14 72
23 56 27
80 84 12
25 27 58
63 72 61
39 83 81
3 86 57
15 84 32
27 36 94
40 91 73
90 98 42
11 95 15
15 40 83
55 86 80
21 51 16
19 74 90
29 98 19
70 96 22
7 83 90
64 82 25
37 46 95
7 61 1
17 68 2
12 99 6
8 75 31
23 64 58
67 71 28
57 58 62
0 64 71
32 58 92
23 38 79
23 94 98
15 69 2
16 22 57
46 81 29
21 54 26
45 70 28
58 64 38
25 45 43
74 92 75
43 87 52
70 74 11
9 37 27
26 86 69
75 76 9
24 66 75
68 70 52
80 90 11
38 93 38
27 35 96
37 90 64
48 99 27
90 99 14
56 62 84
87 95 54
12 63 29
13 99 52
38 99 72
52 86 27
47 49 94
6 26 81
76 78 47
38 67 6
79 94 75
73 97 91
0 75 58
33 81 75
3 66 23
24 49 81
50 63 56
76 82 44
8 84 74
95 97 85
8 60 3
17 29 32
13 52 84
3 72 3
1 78 14
0 65 72
37 88 72
42 48 6
65 88 21
22 33 92
5 73 97
47 91 10
11 62 43
35 75 60
69 92 32
66 77 52
72 89 15
50 84 26
72 83 80
40 86 6
43 78 52
11 37 47
5 97 3
49 83 68
3 50 94
23 75 22
56 88 50
81 84 14
51 84 43
33 92 72
17 51 30
55 94 1
5 94 38
18 86 8
93 97 41
59 99 72
37 81 76
14 19 39
52 61 82
36 98 87
8 96 39
14 61 29
8 88 10
66 78 28
22 50 29
27 88 31
7 29 51
65 73 81
17 56 99
77 81 76
24 65 86
2 97 95
82 97 19
49 79 71
40 92 87
24 57 91
42 72 50
13 53 90
71 99 78
50 68 16
4 82 71
2 8 100
20 46 47
62 73 25
40 56 16
11 73 7
57 71 74
8 20 94
38 70 64
1 58 4
34 50 96
31 73 86
39 76 60
55 90 50
66 89 81
5 13 57
12 28 27
38 75 28
38 86 52
5 89 5
10 37 25
18 65 19
37 47 22
14 89 33
43 95 99
16 96 3
39 81 96
49 70 38
16 46 96
5 75 96
13 39 23
13 24 41
28 61 14
31 79 73
5 23 21
67 73 70
39 45 10
28 65 32
8 70 1
9 43 75
27 85 40
4 59 50
12 60 12
38 62 23
22 46 61
54 61 55
36 78 28
26 96 95
3 55 54
24 53 40
13 69 96
14 68 35
16 34 28
31 72 25
18 88 99
46 86 31
21 39 94
38 63 63
9 51 83
77 96 78
12 26 9
13 42 33
22 70 19
1 21 37
10 48 16
48 66 6
43 49 80
6 41 20
25 75 25
49 67 41
61 93 100
74 93 51
64 86 5
88 96 32
27 30 46
70 77 39
31 82 75
65 82 85
54 63 55
92 97 29
37 87 20
1 67 15
29 75 90
22 88 93
59 83 76
28 76 12
38 81 96
18 28 43
60 80 15
11 68 94
27 79 94
33 79 20
38 68 31
16 99 40
2 60 83
11 48 43
48 84 11
2 27 84
49 76 33
3 87 57
13 50 18
5 62 31
36 51 18
49 65 71
1 16 60
62 64 2
11 16 69
52 83 6
17 30 66
3 46 28
15 93 74
62 85 62
48 76 5
4 11 44
29 48 63
56 84 29
42 53 100
37 99 70
44 79 36
51 93 57
45 77 54
23 36 64
8 62 18
67 84 42
19 82 97
38 76 79
70 78 54
77 87 47
95 98 60
20 44 85
4 73 22
15 49 99
22 82 59
69 81 22
58 96 83
56 99 68
63 94 47
9 16 21
2 33 84
41 43 23
68 86 4
31 42 4
3 78 42
15 27 24
21 85 64
1 31 86
40 54 44
42 56 1
76 92 42
83 92 85
61 70 11
11 22 89
39 62 29
81 91 89
45 91 42
13 85 94
4 51 39
13 37 40
20 48 3
58 74 23
4 87 35
98 99 86
27 58 63
21 61 57
12 70 31
57 98 67
30 36 24
46 47 69
78 79 57
60 76 18
23 96 29
18 76 38
18 19 41
59 65 62
28 91 88
7 47 48
38 85 48
18 29 62
4 62 18
33 35 91
42 90 91
53 63 89
78 82 42
23 45 20
2 38 100
7 28 70
10 21 1
3 8 11
28 96 14
55 97 95
41 44 30
67 74 23
25 64 61
3 62 18
35 99 58
2 42 100
4 21 1
8 49 31
31 57 41
23 40 39
66 71 13
9 71 83
38 51 69
1 45 75
22 94 15
37 59 53
31 35 43
24 62 32
44 86 35
9 10 62
12 55 62
13 91 47
55 95 69
24 92 79
63 95 33
2 48 96
83 96 75
37 53 66
58 89 60
65 66 86
67 78 7
61 63 3
54 90 54
5 10 29
40 77 91
9 86 54
67 88 26
43 62 21
72 95 40
11 13 5
20 54 1
84 87 95
49 69 68
0 43 10
38 39 85
1 32 39
47 79 39
20 87 8
56 91 18
6 58 85
42 47 33
41 68 98
13 79 41
36 39 2
34 58 62
16 44 98
37 79 42
48 77 48
36 87 27
72 73 62
4 36 20
42 46 85
52 84 48
37 94 81
6 83 16
4 13 70
52 65 48
2 15 18
2 83 56
0 11 93
86 93 24
62 76 89
2 22 96
47 74 96
28 57 20
18 36 34
42 91 12
65 99 24
33 42 43
0 54 25
35 39 85
85 99 95
12 31 37
80 91 9
54 85 1
74 98 47
36 83 97
29 61 42
32 76 52
3 36 66
51 91 54
59 93 6
11 83 89
20 89 81
32 95 46
88 99 69
15 95 48
53 96 10
52 56 48
21 78 75
36 37 40
32 53 25
23 80 84
3 15 21
1 55 87
7 86 25
29 95 96
76 93 4
49 84 58
21 97 23
46 69 44
32 44 33
62 75 30
62 72 44
34 74 21
71 75 57
46 49 30
43 91 17
16 45 90
35 52 30
64 72 17
33 90 52
3 7 41
2 53 42
14 40 45
74 91 24
4 5 29
36 42 95
33 39 86
5 21 41
90 95 50
61 91 75
67 68 88
16 75 3
13 44 97
39 99 61
31 38 35
3 9 27
8 50 1
20 32 35
9 35 81
32 85 44
9 64 16
36 48 74
42 59 48
12 45 72
16 97 36
79 96 83
44 73 31
24 43 35
7 51 20
16 98 56
46 83 100
16 25 20
5 12 86
47 82 80
45 95 15
19 71 8
70 82 40
60 96 74
20 79 13
64 74 84
26 48 52
16 39 100
8 15 93
55 84 93
9 26 53
75 91 50
81 93 13
29 60 87
32 88 49
10 40 21
39 44 43
64 85 63
0 87 2
73 95 68
39 72 72
18 22 3
2 91 20
4 27 90
0 48 24
4 81 79
3 65 72
60 73 64
5 22 32
26 60 95
2 5 39
82 83 90
19 63 53
54 73 75
35 91 18
27 56 62
70 85 38
7 16 76
24 41 45
0 10 35
28 77 89
1 48 7
0 53 34
45 69 2
40 59 66
18 54 34
6 10 89
39 59 70
17 64 24
34 96 31
8 64 37
82 84 26
14 49 5
29 34 87
30 46 78
20 77 68
30 75 45
60 70 71
37 45 51
34 63 40
48 88 30
48 62 75
44 87 30
41 42 42
68 81 24
71 87 98
9 63 75
17 83 80
38 56 40
40 90 14
18 32 70
47 90 38
1 34 31
29 85 37
8 42 100
13 75 22
84 94 4
65 71 53
76 88 2
19 90 56
59 60 98
12 37 4
2 80 61
6 67 60
19 38 17
65 97 12
11 23 100
23 61 41
4 50 55
8 74 81
7 24 71
7 14 93
1 74 68
30 97 92
21 89 72
22 72 78
65 79 56
5 43 84
26 71 15
47 97 94
31 95 95
94 99 96
12 65 93
2 11 99
18 66 60
67 92 76
89 93 87
84 88 89
52 78 60
24 54 63
23 49 91
36 50 59
60 67 79
41 86 38
33 59 100
13 88 57
78 90 3
3 94 60
62 78 12
22 60 77
78 87 64
45 93 53
60 91 56
67 89 73
1 97 43
10 17 80
67 69 100
33 86 85
61 87 58
42 58 40
1 51 98
16 78 43
51 79 4
72 81 88
79 98 98
48 87 99
16 18 6
33 70 45
0 89 82
80 93 36
1 47 70
87 90 55
38 84 70
48 97 17
15 22 14
19 87 48
2 90 44
12 90 65
75 79 38
18 68 6
26 97 98
21 84 4
55 61 70
23 90 65
15 94 16
7 34 52
49 62 24
21 79 20
64 92 65
25 41 3
9 66 43
5 95 73
64 65 29
5 81 7
18 48 62
48 64 93
46 97 84
3 22 87
23 46 4
86 89 13
60 94 98
0 8 27
38 40 14
17 99 86
20 83 79
4 63 45
17 92 15
40 76 13
10 65 90
51 98 6
5 34 55
12 68 88
41 67 26
36 65 51
13 60 23
40 57 43
14 93 44
91 94 31
12 74 28
18 42 9
74 79 38
25 36 92
66 74 83
44 85 69
32 78 10
11 57 49
62 82 45
37 73 6
19 49 13
9 65 45
52 75 4
61 72 16
60 90 70
21 41 72
10 76 78
14 65 94
22 76 33
24 77 45
31 93 44
41 54 90
18 26 30
30 39 90
60 63 22
5 16 92
73 86 24
2 28 41
15 24 100
2 52 82
36 66 57
19 75 24
46 73 81
47 77 58
77 82 63
20 41 36
47 52 42
24 98 63
88 91 49
18 89 5
32 33 40
14 22 21
58 70 58
12 66 100
43 88 81
11 27 80
46 92 55
17 75 85
63 96 82
35 72 11
88 89 19
28 29 76
26 56 42
11 80 49
42 57 52
10 46 58
58 99 13
90 93 34
10 54 75
2 12 20
35 92 98
30 85 87
21 47 80
46 59 75
43 99 12
70 93 88
3 47 14
20 38 10
44 63 27
3 28 81
66 68 99
24 60 86
79 93 1
11 55 48
49 94 22
16 40 96
15 86 84
24 46 25
22 92 31
39 68 12
28 36 3
29 93 25
37 83 37
6 19 77
83 89 39
10 11 69
14 80 24
52 76 64
27 37 14
50 51 70
92 98 77
17 55 88
23 47 71
9 53 88
25 53 73
31 78 88
34 86 78
66 96 58
73 99 36
4 42 19
18 94 49
68 85 88
16 17 43
58 71 53
11 31 83
59 96 35
47 94 49
16 53 27
15 70 38
33 95 45
56 79 79
69 85 9
24 48 19
87 92 84
60 64 61
47 70 24
1 36 61
16 47 61
14 87 44
22 84 25
46 58 74
22 48 9
50 70 100
39 70 35
34 68 9
13 59 68
65 95 97
61 79 1
6 71 73
61 66 63
33 63 62
8 83 61
28 80 32
37 39 86
63 76 73
4 12 10
6 35 6
44 45 95
47 62 72
25 51 23
15 46 50
20 31 4
10 87 81
42 75 96
56 64 15
16 76 84
17 81 39
61 90 1
34 89 19
49 60 92
6 12 33
29 84 21
59 84 12
6 31 21
43 52 24
4 14 65
17 42 35
29 74 74
7 37 67
89 99 67
72 76 43
21 99 96
13 74 51
20 71 34
21 94 98
52 77 84
84 95 85
10 92 35
7 63 74
78 96 74
18 77 70
19 97 82
31 80 19
73 98 70
29 66 43
88 92 67
29 41 55
48 89 24
46 76 39
45 61 64
91 95 26
9 83 40
32 91 36
44 83 5
39 82 75
71 92 46
33 98 74
50 96 96
4 94 79
57 81 84
17 59 84
38 79 92
35 68 81
65 80 70
14 76 58
66 70 97
67 94 37
3 51 81
58 87 97
22 90 27
14 26 61
13 86 22
71 91 79
0 84 46
74 86 77
9 70 33
0 50 28
21 86 54
35 87 60
18 33 17
33 69 71
70 99 4
32 45 84
73 81 34
28 54 39
70 81 56
33 45 76
37 60 67
8 38 76
17 49 52
10 34 99
68 89 90
28 35 39
31 88 85
30 44 26
28 47 35
17 69 6
12 69 89
39 40 11
59 64 42
8 10 55
42 68 56
6 36 17
11 82 35
16 35 99
9 58 79
40 64 91
55 96 70
55 80 11
22 55 72
21 33 75
17 26 22
10 70 4
33 49 88
22 23 41
73 78 21
18 81 27
1 94 98
49 88 66
7 65 24
43 76 96
47 89 52
22 85 83
64 77 67
40 98 14
9 73 32
56 63 76
35 96 88
89 90 63
26 75 34
12 50 70
59 86 55
33 99 37
38 89 62
4 37 27
52 63 58
91 93 3
78 84 53
10 16 48
52 93 19
55 71 47
72 90 93
1 20 79
72 87 22
45 55 61
61 62 10
48 80 17
39 71 85
11 78 52
28 72 94
1 68 53
5 18 58
56 72 7
60 77 37
9 76 59
48 73 60
11 94 3
53 71 55
51 76 9
10 99 82
45 94 97
9 59 35
24 28 97
31 34 81
5 55 77
41 61 13
35 49 40
63 89 18
9 12 44
4 69 22
15 91 33
9 84 38
12 61 42
78 88 89
33 72 90
18 69 21
48 70 3
12 94 44
50 85 15
26 41 70
4 68 56
17 23 75
39 88 5
7 55 67
5 57 24
4 57 5
3 64 10
39 98 89
78 80 15
3 85 2
13 41 44
56 71 42
11 45 28
72 96 8
24 55 52
16 88 95
11 35 58
50 83 8
42 73 89
34 62 9
11 53 74
53 56 9
22 29 9
5 35 17
0 63 90
31 71 7
78 91 38
49 86 53
14 51 87
25 52 42
15 61 71
24 50 5
30 54 22
13 35 17
18 96 47
44 91 62
7 91 82
63 81 70
75 97 81
19 89 76
51 86 96
9 19 79
27 32 75
5 65 38
53 97 64
30 49 100
41 88 11
54 84 14
39 95 89
23 91 99
79 87 76
7 57 49
75 85 59
25 37 1
42 45 45
41 50 7
32 60 71
38 64 88
75 92 31
31 74 62
31 45 84
19 94 37
27 65 23
10 58 1
28 56 51
33 94 21
7 48 63
20 78 49
29 72 92
43 61 70
15 29 38
44 67 17
25 61 100
70 91 23
53 59 47
50 55 34
23 81 82
78 97 26
46 89 19
43 83 82
53 69 75
20 95 82
34 60 48
33 83 64
5 33 21
26 31 4
0 7 27
50 98 88
9 81 41
26 54 66
43 70 20
17 38 84
85 96 91
23 39 31
53 81 28
81 94 68
25 59 42
80 86 36
53 64 40
19 99 41
31 62 11
5 76 54
14 85 53
59 70 43
70 97 51
21 66 58
6 89 27
18 51 61
48 94 13
6 98 27
10 88 74
4 99 93
27 87 73
16 64 79
69 90 42
82 95 28
30 47 7
57 86 43
4 31 46
64 70 37
38 98 5
15 65 37
29 33 74
17 45 80
53 68 58
35 95 98
31 65 95
15 55 93
44 58 17
23 52 91
4 93 17
50 72 13
14 81 3
18 82 97
10 69 59
42 65 65
69 87 74
25 26 3
24 83 98
85 90 86
34 82 81
0 25 23
22 51 77
61 97 16
38 83 50
20 43 84
7 71 65
7 73 49
47 67 19
7 33 1
30 35 88
50 61 46
61 65 89
46 64 61
41 62 83
2 98 98
7 49 27
61 81 94
44 65 64
61 88 25
21 67 16
15 28 9
39 86 92
25 43 97
37 64 84
29 39 96
37 56 43
0 92 30
6 23 73
11 52 2
27 60 65
33 41 49
8 79 66
3 57 78
84 90 27
53 57 31
46 72 55
5 63 57
1 81 89
27 41 23
68 75 68
21 95 18
55 72 64
29 77 16
27 31 31
5 29 35
9 67 28
45 50 91
57 90 21
13 65 38
6 77 93
1 30 27
50 82 98
60 93 34
17 58 87
53 76 46
17 32 92
51 97 2
27 43 80
73 84 30
15 90 45
64 81 56
11 46 83
35 38 43
33 58 59
14 29 49
5 72 51
4 67 15
37 55 34
27 94 52
22 69 6
44 96 71
23 65 28
53 72 36
21 92 82
10 86 55
9 29 100
8 55 19
10 30 27
44 50 61
7 60 4
14 67 34
24 88 11
34 52 30
8 77 43
12 87 60
21 52 45
40 42 80
2 57 15
5 40 57
32 61 97
57 75 58
76 98 97
33 62 25
24 56 51
11 98 81
39 57 48
39 87 83
13 84 87
29 83 97
36 52 62
34 91 4
38 80 23
9 48 96
5 32 31
4 58 19
59 89 50
36 54 49
43 89 84
29 80 94
5 61 42
50 87 91
66 82 25
30 77 62
18 67 36
5 91 2
34 69 9
74 77 42
21 42 75
12 27 75
67 75 15
71 73 73
39 93 43
35 85 63
17 44 95
52 92 21
7 17 60
54 55 52
9 87 1
13 64 63
40 49 7
15 53 99
10 90 16
26 91 3
48 81 72
36 40 92
9 39 87
28 89 61
33 37 4
21 64 15
3 20 12
12 44 85
38 43 11
22 36 79
24 81 37
56 75 89
4 7 31
48 79 87
40 63 73
94 96 87
4 45 96
12 51 74
46 54 78
10 52 44
37 89 33
16 87 2
26 44 45
56 80 4
45 78 47
10 74 57
18 60 59
14 90 62
14 56 62
30 40 29
67 95 99
18 97 94
4 65 48
31 67 18
26 68 34
29 43 6
41 95 51
6 97 29
48 56 46
69 86 21
22 62 86
11 81 58
21 80 45
28 99 25
10 93 18
57 69 11
72 93 78
82 98 13
13 58 33
42 70 90
62 77 76
61 95 88
2 74 93
6 79 18
14 52 73
2 45 34
14 54 74
19 30 51
35 62 66
28 67 95
74 75 79
62 92 29
1 39 67
29 31 55
58 94 80
66 86 31
0 36 2
5 66 4
30 69 95
52 68 10
9 98 17
42 97 40
60 62 49
15 73 19
79 80 31
33 82 13
69 93 61
2 82 73
36 70 42
41 63 78
75 86 59
52 87 75
9 25 100
56 95 63
28 63 100
62 98 86
13 76 53
52 58 56
19 37 1
85 87 92
53 99 12
2 87 3
25 33 15
62 80 56
34 44 32
32 36 44
19 76 46
10 91 35
20 64 22
52 70 50
41 96 47
11 41 98
70 71 69
37 63 24
22 95 57
46 79 62
40 70 57
67 83 63
21 65 1
66 98 9
10 15 8
50 67 2
46 63 39
13 95 44
47 57 2
39 54 20
81 89 19
1 64 52
56 81 74
27 52 81
69 72 86
76 77 31
44 92 10
24 32 13
25 38 46
7 93 34
30 83 25
52 67 3
66 90 92
38 73 67
25 82 89
12 25 48
53 88 82
15 67 12
65 75 99
11 88 93
27 91 47
76 95 67
67 82 71
43 84 74
87 93 99
27 42 78
12 24 87
19 60 99
19 96 34
8 99 95
77 91 66
56 83 40
30 96 8
44 55 28
14 83 62
14 36 88
67 97 21
6 87 98
3 95 35
12 75 75
3 13 13
6 30 37
22 25 48
44 80 85
58 62 77
33 57 54
7 36 49
15 26 96
25 30 58
12 79 90
40 73 43
72 84 97
54 65 92
36 77 84
39 69 84
17 78 98
0 27 53
90 91 81
18 91 51
22 93 25
41 69 93
1 35 33
29 99 64
8 24 54
40 83 100
7 58 90
2 79 13
39 96 47
55 85 54
41 82 28
1 7 37
55 64 96
2 62 46
23 59 99
9 77 64
5 86 30
30 31 85
8 86 45
37 84 39
14 95 48
14 94 22
37 42 23
51 87 8
37 75 66
24 39 92
38 82 73
16 30 68
23 85 100
27 89 73
50 54 82
57 67 47
35 77 56
45 88 17
12 48 18
31 96 17
64 76 23
87 91 26
21 22 70
6 63 16
54 97 10
4 16 12
52 96 52
59 72 87
8 51 13
36 90 23
72 91 2
55 98 22
13 92 96
49 66 100
40 88 15
27 71 6
44 70 56
9 54 22
4 6 67
12 20 30
54 66 56
21 50 80
0 51 12
50 73 98
77 80 42
12 89 8
58 68 61
1 70 30
47 99 46
23 55 38
34 73 90
56 87 27
43 55 46
42 67 31
43 51 42
32 54 94
45 59 10
9 97 35
4 66 93
71 94 63
64 68 96
65 78 33
9 79 4
1 9 25
73 75 15
16 62 5
24 45 2
51 65 47
14 21 53
33 96 1
35 70 41
38 87 89
8 35 19
50 71 98
86 99 85
7 41 24
13 25 38
4 74 89
74 90 23
24 26 96
77 92 88
79 99 75
16 23 25
20 86 87
45 79 61
2 44 50
6 90 95
1 3 9
64 88 3
61 86 62
35 74 59
13 62 58
3 84 4
45 65 4
9 45 19
5 82 61
5 41 78
43 64 43
45 53 83
25 54 20
53 85 11
0 77 75
38 66 77
35 73 90
4 95 87
17 24 14
53 62 36
17 79 31
62 83 58
21 62 69
19 41 35
44 99 25
4 98 41
56 89 75
64 75 14
42 62 23
7 62 57
50 79 95
6 52 46
25 48 37
92 94 30
19 64 14
0 58 37
13 30 48
28 71 10
15 39 65
54 68 11
6 68 52
50 64 97
69 76 45
34 98 68
35 93 66
80 82 63
16 32 36
28 84 79
38 92 75
19 47 4
52 89 5
22 28 95
38 97 43
71 95 62
43 60 82
48 69 35
29 45 67
40 85 53
5 83 75
76 99 33
51 63 67
33 53 84
9 55 33
20 30 81
2 31 28
43 72 58
9 82 51
45 66 19
64 95 3
59 67 24
7 97 34
21 75 15
45 60 100
65 92 39
1 18 57
17 28 62
58 85 89
2 20 84
1 61 43
50 52 81
16 95 48
6 62 24
75 90 95
5 67 45
36 73 6
36 92 3
4 96 8
15 36 8
64 83 77
8 32 63
8 16 97
52 64 54
11 25 55
57 92 45
8 39 34
18 25 21
32 67 28
2 54 4
17 71 76
6 39 22
59 78 11
75 83 32
28 55 90
61 92 85
48 60 21
24 44 81
7 72 30
2 89 78
33 91 92
50 58 81
22 26 52
52 54 30
94 97 47
4 64 50
24 95 74
69 91 14
33 71 79
17 22 2
18 74 7
49 91 31
57 77 36
56 90 96
2 14 10
63 90 99
39 65 31
11 56 18
33 68 61
43 47 53
41 56 73
8 18 58
48 83 80
57 85 13
41 87 67
38 71 49
22 57 42
23 86 60
81 87 26
57 89 37
14 37 50
8 78 43
26 50 14
24 51 36
95 96 44
68 79 85
69 84 8
0 31 44
70 73 24
12 59 51
4 49 96
5 51 71
17 86 24
15 35 88
77 93 29
67 98 63
37 82 25
82 89 57
88 95 32
83 88 29
31 52 22
21 45 65
61 68 53
30 53 89
23 87 31
1 89 89
42 51 45
11 96 21
71 81 58
17 91 51
0 34 2
17 90 16
10 44 55
41 47 36
74 80 38
26 53 20
31 37 93
40 93 75
4 48 81
63 93 17
45 76 22
3 14 75
15 48 52
1 65 5
8 21 22
85 86 49
0 19 74
21 82 80
60 65 21
5 80 41
19 55 1
52 94 21
66 92 63
34 37 47
55 66 30
18 20 72
9 52 89
27 70 91
23 79 39
84 97 38
36 61 85
44 94 83
32 92 53
49 63 30
11 33 42
56 58 95
22 45 52
20 55 40
56 66 64
44 61 76
25 65 2
13 47 12
0 16 12
68 87 58
62 65 32
67 77 55
50 90 67
19 83 7
15 57 14
71 83 36
54 79 100
95 99 27
20 47 11
57 87 79
25 44 62
22 99 42
41 59 32
5 47 25
10 18 59
31 54 61
25 49 20
0 15 36
61 98 49
27 77 51
11 87 5
53 95 82
15 62 50
44 77 59
28 34 13
1 90 8
28 51 49
10 60 62
85 88 31
30 74 69
14 25 100
10 62 4
48 96 93
26 35 48
5 93 31
64 67 90
1 26 23
0 12 75
25 76 5
32 98 72
6 49 88
25 99 80
21 81 6
50 74 71
26 93 82
29 36 60
0 44 77
19 45 44
18 75 87
39 85 86
36 64 25
97 98 15
24 96 33
32 56 56
56 92 58
9 31 91
24 69 86
34 99 48
4 47 56
20 81 93
51 94 8
21 63 33
2 37 52
3 67 12
76 79 63
6 82 71
39 73 43
45 84 48
46 71 33
1 52 55
2 35 15
11 51 69
1 66 29
17 57 31
83 86 58
53 84 32
33 97 15
48 75 86
18 52 58
30 87 3
45 72 9
34 41 20
68 80 93
55 59 81
20 37 25
60 69 94
41 66 53
30 50 76
15 81 3
16 50 6
25 62 1
74 85 100
1 73 30
22 87 92
50 80 40
10 47 9
44 84 20
59 90 22
51 68 48
47 64 77
7 56 13
4 22 24
34 48 22
23 27 12
5 96 18
18 38 83
14 32 33
14 57 6
29 82 51
10 36 60
72 75 64
16 65 68
9 24 29
56 59 71
25 98 62
45 80 37
14 92 45
28 42 97
52 98 47
48 52 98
6 84 1
13 56 35
38 55 79
55 81 75
56 70 70
34 43 15
42 50 19
27 61 21
25 97 90
47 83 59
47 96 11
3 96 29
49 77 76
17 41 35
1 71 9
13 51 54
0 39 53
1 2 28
52 69 51
53 86 74
3 90 40
56 73 85
77 98 19
42 60 98
2 39 52
35 54 76
39 66 72
10 20 50
2 92 60
16 27 39
41 97 42
15 56 100
39 41 63
6 85 20
39 64 65
24 63 31
22 96 40
2 13 5
31 69 2
2 67 72
56 98 48
51 56 47
35 82 69
17 21 75
41 76 86
65 96 61
42 92 5
4 52 20
42 63 81
14 42 75
54 56 42
28 44 61
2 32 5
70 84 65
2 34 4
34 75 26
51 70 74
0 4 16
43 59 69
6 53 33
76 94 32
65 87 43
42 43 59
5 84 7
45 54 84
93 95 67
89 98 28
19 98 38
16 56 20
45 48 33
14 72 42
59 87 81
81 86 99
32 80 18
12 22 81
34 54 17
7 95 46
65 94 13
41 53 84
5 98 82
19 73 27
15 97 88
65 67 39
2 3 20
34 95 43
3 10 76
48 63 80
71 76 92
36 88 89
55 91 2
26 27 100
79 91 59
10 68 45
24 91 73
27 40 80
58 83 80
21 37 38
17 18 42
29 47 30
67 85 22
5 42 77
18 93 35
73 93 77
47 53 49
9 96 56
24 61 29
49 61 11
29 79 19
32 59 6
35 83 15
22 52 98
59 85 79
38 91 16
11 99 64
2 88 50
7 89 100
36 95 14
12 54 73
4 53 2
7 82 49
38 57 98
8 98 95
93 98 72
7 10 43
43 90 65
64 66 95
17 53 55
0 47 59
18 71 25
34 38 80
30 42 5
40 52 72
11 86 99
80 97 49
89 96 92
40 81 87
46 62 90
46 96 78
8 17 63
25 35 51
45 86 36
68 96 85
22 89 58
30 81 53
31 56 98
57 74 19
10 23 85
78 99 76
29 55 24
69 79 61
49 73 57
30 59 62
0 66 37
35 97 73
7 32 80
24 71 83
39 53 10
27 48 55
34 35 47
36 94 83
29 54 64
34 70 55
4 43 28
0 28 30
9 89 28
52 57 70
9 94 4
19 21 71
28 70 82
62 88 26
48 91 84
11 49 73
44 72 100
58 78 14
65 70 25
30 48 17
90 97 93
6 15 83
19 58 77
7 9 43
62 94 4
26 32 44
60 66 92
32 73 89
54 57 34
6 56 2
45 73 3
32 51 95
4 77 2
45 87 9
15 71 23
4 29 96
26 88 39
17 87 77
9 21 5
55 88 86
60 89 55
10 71 3
35 89 27
57 63 48
23 26 5
8 82 67
6 50 91
66 67 36
35 61 96
22 81 88
20 53 84
57 83 54
41 65 41
24 27 14
21 31 19
10 27 62
36 46 97
50 91 90
3 58 13
2 95 52
25 81 47
50 94 81
1 92 19
32 75 65
86 88 82
46 85 44
9 80 44
20 96 68
11 47 42
81 99 96
26 94 23
0 40 54
44 89 74
40 48 69
79 92 3
19 67 17
31 84 97
70 92 61
27 33 69
35 51 74
65 91 19
51 81 52
24 67 45
70 94 78
62 84 47
10 94 18
62 67 10
85 92 80
7 43 2
62 68 42
7 35 53
22 74 68
1 11 61
13 80 91
55 75 4
50 53 51
71 98 35
40 89 26
11 90 56
49 92 8
23 48 65
52 60 96
69 73 74
0 59 11
41 84 20
4 18 36
5 27 15
4 71 47
7 87 32
32 47 7
59 66 72
28 66 11
2 51 81
22 79 58
67 72 86
3 53 86
44 47 33
12 38 3
40 44 34
88 94 47
47 69 22
18 83 12
47 98 9
46 65 31
77 94 42
12 41 39
39 90 97
12 53 5
37 74 48
35 88 64
12 49 4
66 93 70
6 54 85
34 59 83
30 65 61
36 58 3
0 56 83
69 97 80
12 15 60
83 87 9
34 93 41
79 97 14
63 99 91
40 41 54
29 89 67
17 46 99
30 61 98
5 38 62
25 92 67
27 51 33
31 91 57
16 19 45
13 40 51
2 7 92
5 64 82
43 98 50
43 93 33
11 60 91
57 72 16
26 49 7
15 58 48
7 18 24
41 77 84
45 47 12
43 56 98
33 74 56
26 57 77
27 92 73
30 79 73
29 94 27
36 49 5
30 52 91
41 60 4
56 85 51
28 90 59
35 90 3
44 56 64
75 89 8
48 68 13
21 30 37
41 57 43
33 89 70
45 63 22
51 73 13
53 90 76
49 54 77
6 57 21
75 88 8
5 25 54
8 22 74
11 84 19
10 50 95
2 72 20
8 94 7
43 44 97
51 64 2
7 53 56
30 67 58
13 72 61
23 95 32
7 54 6
12 72 96
23 84 92
61 69 69
41 79 78
58 81 82
0 83 85
1 53 23
27 75 30
46 93 16
42 94 80
57 82 9
36 45 23
30 86 64
12 23 93
3 29 26
32 55 17
58 88 22
37 57 36
6 76 66
17 52 30
8 80 96
16 55 51
49 97 23
43 97 76
27 64 79
14 70 17
32 41 26
59 76 86
40 43 99
63 91 33
2 81 55
35 50 93
53 70 34
34 87 75
30 56 96
0 13 86
71 86 53
41 52 85
80 99 94
38 77 60
47 93 5
21 60 17
9 92 13
55 62 51
45 49 27
32 72 83
57 88 27
31 77 66
3 79 23
35 43 26
40 69 67
57 91 78
51 53 58
0 45 85
62 81 33
15 72 10
47 71 39
4 44 60
8 11 76
44 46 96
18 64 95
14 34 11
89 95 82
84 86 83
25 57 66
22 63 41
57 68 68
3 37 99
45 81 24
57 99 14
10 72 41
32 62 30
40 68 20
62 97 95
23 41 68
13 46 85
22 35 2
14 71 60
14 41 64
47 50 27
3 69 56
61 83 43
10 95 28
21 76 24
32 82 21
56 57 41
14 86 82
54 91 86
17 72 45
17 80 20
34 57 72
13 70 53
64 99 36
5 56 77
32 65 74
38 96 66
7 30 92
69 95 14
72 78 8
3 16 90
24 86 61
6 16 14
52 88 60
32 42 42
17 36 6
9 69 29
28 48 49
32 93 23
41 73 57
36 68 68
29 49 99
13 61 11
36 91 100
62 91 58
10 85 57
61 80 12
51 69 84
34 80 34
13 93 6
73 80 5
26 76 56
27 29 59
53 78 75
73 83 81
49 71 100
13 45 16
21 98 60
14 59 81
49 81 3
33 34 24
5 46 15
10 14 33
77 84 99
3 27 47
0 30 43
17 40 23
35 59 99
36 74 69
25 68 11
27 49 10
29 91 13
0 78 39
5 11 34
13 15 40
12 88 60
2 21 1
80 87 45
3 89 39
34 76 46
30 60 61
55 73 99
17 43 41
30 73 3
23 53 20
93 99 89
51 95 84
50 57 41
5 58 26
5 52 40
15 31 38
41 58 77
14 96 83
83 84 57
72 97 81
11 17 78
34 85 44
12 80 20
8 34 27
40 79 47
14 79 78
60 68 91
1 15 60
22 39 48
19 46 72
24 87 63
2 85 96
3 39 53
14 60 91
57 59 95
20 49 64
3 32 75
36 72 27
3 12 37
13 68 22
36 97 20
71 84 13
3 44 25
19 65 43
40 65 3
13 19 45
28 93 8
6 37 98
7 75 86
4 41 52
34 90 89
39 91 35
96 99 23
25 86 32
26 61 10
17 96 92
18 45 86
9 56 74
13 26 84
13 36 38
15 59 94
5 90 64
89 92 88
34 84 48
63 71 44
48 95 97
44 81 81
70 90 63
31 53 26
7 99 66
0 2 44
48 93 39
11 72 92
24 72 13
46 95 95
47 81 5
39 67 61
26 28 52
51 74 96
30 37 66
4 32 71
24 59 38
22 40 5
25 77 91
9 88 99
33 52 28
31 63 55
41 48 91
12 56 72
8 59 60
21 34 19
17 60 54
4 56 73
76 87 84
8 85 52
2 56 23
73 77 67
6 21 91
40 61 29
40 82 73
3 81 84
2 50 73
64 90 96
68 93 55
14 16 48
71 82 71
63 84 2
4 46 42
51 89 18
51 78 91
53 74 9
2 59 100
53 75 74
32 49 100
67 91 28
35 56 86
23 63 9
11 21 90
30 91 75
46 94 58
48 54 26
20 56 20
17 74 39
46 78 36
15 76 71
64 89 29
30 92 85
6 43 11
6 44 23
44 68 51
30 84 76
59 82 16
27 83 87
65 98 20
6 18 40
18 40 67
32 79 67
51 71 7
22 97 93
35 71 4
1 17 44
40 46 75
17 66 85
28 97 38
48 72 85
34 77 89
75 95 39
31 32 11
28 87 7
20 93 58
16 68 70
13 55 2
28 60 67
67 81 97
60 92 78
20 21 14
59 94 80
32 64 81
74 95 19
44 71 19
2 73 35
3 26 4
18 80 100
92 93 73
30 90 79
19 51 99
47 80 4
54 87 3
58 80 67
46 91 34
18 41 35
15 21 27
44 88 4
51 75 98
27 45 5
28 43 14
14 43 84
43 63 14
9 27 86
0 46 26
23 44 88
37 51 83
44 53 76
55 70 66
7 50 10
3 40 64
18 49 24
25 69 52
25 93 27
48 57 67
51 77 60
47 75 11
59 73 26
8 52 7
11 58 13
19 34 34
6 72 74
0 35 65
0 68 95
36 63 49
29 69 95
22 61 72
22 43 51
52 72 13
31 83 35
46 68 7
7 77 29
5 44 9
31 70 55
20 62 70
8 57 57
52 85 90
20 58 54
1 42 54
6 91 69
10 38 40
13 33 35
71 97 44
23 32 36
10 61 38
81 83 63
15 79 59
57 60 57
75 99 83
68 95 78
1 33 34
14 88 25
24 90 74
27 80 35
83 93 27
17 20 43
46 98 87
10 29 4
77 78 8
28 58 1
45 62 80
28 64 84
32 90 83
47 85 67
24 85 29
26 39 99
81 82 69
60 61 2
56 77 17
63 68 47
21 28 7
5 20 93
64 84 48
13 43 56
16 29 46
61 64 14
10 24 53
34 94 37
2 18 34
5 88 51
42 66 81
24 70 94
36 93 36
12 16 20
15 25 46
57 97 15
6 28 44
5 79 59
68 82 50
16 51 21
62 71 34
18 70 23
2 58 93
62 89 11
3 97 1
64 94 77
32 81 35
21 96 27
69 77 21
11 85 45
46 82 67
3 61 43
14 62 69
66 79 66
51 92 88
34 92 56
27 39 31
14 50 6
54 70 46
47 59 81
34 78 70
53 79 37
4 35 8
72 85 41
76 91 84
23 57 98
4 33 13
47 60 28
26 74 34
59 68 15
32 97 78
4 70 88
11 69 32
19 31 8
6 48 94
74 88 10
42 93 47
14 47 100
58 73 52
19 48 41
50 88 18
70 76 20
12 19 58
13 90 43
74 99 66
46 57 57
48 61 19
26 47 95
15 77 87
2 75 40
46 51 28
4 38 17
55 87 73
3 49 22
87 96 91
41 75 48
5 60 99
69 71 78
33 64 6
1 14 42
7 68 92
26 66 34
6 88 69
12 40 81
72 74 64
13 57 14
42 84 99
49 51 84
60 78 55
48 50 43
22 27 42
63 64 82
45 75 38
63 87 33
4 75 19
19 57 16
16 66 39
29 59 57
0 32 75
7 26 94
26 83 97
58 92 74
56 96 99
22 47 81
19 39 19
9 14 79
27 82 83
24 68 2
55 82 68
31 47 38
56 74 100
3 25 48
15 41 39
2 30 86
30 58 95
60 74 87
74 81 78
65 89 9
22 32 58
15 52 24
92 99 55
6 65 51
20 61 70
4 34 98
45 51 20
4 89 5
77 89 97
39 74 67
