7068 120
17 117 80
2 30 33
3 76 48
66 72 61
41 111 50
16 45 59
12 70 37
7 72 85
58 114 9
28 105 33
24 45 61
89 105 46
46 109 32
64 82 39
21 27 50
100 119 89
87 103 72
14 58 66
3 21 7
38 100 30
13 80 26
1 36 2
6 12 79
12 90 77
60 114 53
37 75 79
44 106 58
32 57 7
69 82 6
69 97 6
43 114 81
32 82 14
23 99 63
41 107 70
19 104 59
51 84 50
43 116 64
37 112 37
59 95 70
14 99 22
85 115 7
3 37 86
92 112 88
6 60 30
18 23 65
3 68 22
69 70 29
12 27 74
30 104 87
95 105 59
61 93 90
39 51 48
26 78 80
36 102 38
111 115 19
41 110 39
11 43 13
22 108 50
14 97 91
84 100 90
93 119 7
8 13 97
40 56 39
61 67 38
23 94 78
54 106 56
82 103 56
58 81 64
113 114 33
26 56 37
9 52 60
50 66 77
15 49 58
3 101 65
31 73 41
15 59 98
65 98 19
8 25 60
11 74 33
22 48 89
94 97 24
82 114 64
21 32 82
9 34 67
66 99 38
7 33 80
50 108 30
59 94 44
105 115 90
4 58 89
29 66 45
3 31 46
50 80 20
44 83 50
72 81 60
16 58 45
57 117 77
20 109 29
45 57 32
88 99 19
15 81 64
50 65 54
0 81 92
42 88 34
83 96 24
9 99 60
68 74 80
102 104 83
104 110 23
42 84 17
0 93 25
15 27 46
22 111 70
64 104 79
10 54 1
7 25 50
31 75 74
48 63 34
29 57 16
9 38 83
11 28 41
28 30 95
3 108 37
13 42 81
61 109 17
53 56 26
4 90 64
23 58 60
74 80 99
16 108 93
8 36 53
8 30 38
49 101 89
26 109 76
51 97 66
6 88 18
28 119 3
30 108 49
27 68 65
22 26 9
20 58 93
34 115 68
4 30 88
57 75 1
15 42 86
48 113 61
27 75 41
44 77 55
11 62 7
8 59 35
62 85 22
90 97 74
5 46 44
46 87 88
12 111 18
20 73 16
18 28 33
20 80 99
29 30 20
29 44 26
17 46 28
112 115 72
59 97 39
113 118 82
78 83 58
48 65 13
38 119 37
53 69 36
9 92 32
53 73 69
28 62 89
24 99 10
9 51 43
15 79 22
26 119 12
26 86 83
74 118 1
45 68 41
35 106 41
83 92 59
27 62 85
32 91 23
82 95 86
61 94 20
54 90 10
96 114 78
30 91 63
67 71 10
56 78 97
101 111 90
2 5 94
12 55 41
15 41 54
61 84 41
15 107 47
18 85 34
22 46 10
52 113 2
35 66 98
2 4 1
54 60 3
37 77 43
33 60 60
5 81 33
47 106 57
29 36 88
61 63 3
32 86 60
36 64 85
6 14 82
4 38 92
73 111 33
55 56 65
23 78 12
45 114 10
45 53 64
26 31 11
77 80 10
24 27 11
20 97 20
12 116 16
17 98 95
61 74 97
35 60 8
48 85 62
50 98 20
6 19 71
37 85 51
75 91 51
36 69 9
14 90 62
37 117 89
16 77 20
25 34 47
3 112 68
11 31 67
52 80 37
33 117 2
24 48 40
45 69 56
13 115 38
83 99 30
4 62 27
96 118 15
23 79 11
8 116 67
7 117 35
36 98 86
11 24 23
16 35 92
66 107 94
0 40 56
86 116 23
16 84 19
43 92 58
72 103 99
41 76 19
6 9 29
7 107 23
26 62 20
19 86 75
89 94 17
50 58 86
114 118 43
89 96 9
100 103 64
51 96 57
20 76 47
65 80 84
52 70 48
13 54 42
12 113 34
44 89 71
20 84 64
44 87 32
85 101 25
61 86 91
27 53 69
2 71 57
40 60 79
19 63 70
65 97 64
92 115 30
9 113 72
30 90 18
59 82 46
51 66 85
65 117 7
74 82 1
37 111 54
26 61 50
61 69 34
2 84 86
66 70 96
94 119 1
110 114 15
20 81 85
23 84 41
16 81 12
11 41 20
35 37 52
0 114 56
4 54 28
89 110 88
27 80 28
27 104 97
41 53 63
17 113 77
35 108 39
13 56 40
95 97 96
5 103 33
99 112 1
46 64 41
62 91 24
52 101 30
24 35 30
5 85 86
41 80 96
4 67 81
52 114 16
60 101 43
34 51 48
75 115 57
37 78 83
19 90 97
5 40 27
28 69 17
25 53 49
42 47 39
39 115 49
68 70 35
28 90 58
39 67 85
8 84 99
52 88 9
23 107 1
90 117 16
82 97 84
89 119 28
3 20 88
32 50 22
36 112 23
75 98 26
36 42 37
7 110 15
17 20 21
37 103 94
90 108 69
22 115 75
81 100 75
73 75 64
37 116 49
7 100 71
98 113 86
70 96 31
1 26 8
51 85 95
10 88 16
44 57 24
12 51 52
6 89 83
27 71 3
9 88 27
7 40 35
25 79 22
46 82 11
29 95 97
16 110 94
2 87 67
66 117 37
40 86 67
40 62 12
20 118 85
57 119 19
34 44 87
29 102 79
4 52 82
25 90 10
23 39 78
12 98 89
22 27 58
14 29 20
15 108 81
66 94 88
91 112 10
18 19 35
31 40 49
16 89 63
44 58 56
33 44 40
77 107 44
6 102 83
29 81 16
73 76 46
11 95 58
15 111 86
85 107 1
17 29 67
13 35 39
28 64 77
2 35 98
65 111 27
5 54 33
7 13 33
47 49 43
3 16 42
42 93 76
61 73 5
80 94 74
22 101 79
38 91 11
42 67 62
2 89 9
41 113 85
18 30 88
2 45 74
8 73 20
31 81 53
51 77 35
70 107 80
11 58 50
19 61 51
31 104 100
69 79 83
28 108 2
23 89 40
94 99 77
59 112 52
80 83 16
75 96 60
45 59 28
100 109 7
44 88 54
58 61 59
77 81 9
40 108 96
31 108 66
24 70 55
9 91 48
32 55 75
77 87 44
38 67 21
66 87 51
8 83 51
24 92 74
105 109 36
29 78 31
14 77 13
38 45 49
20 62 62
87 98 99
3 84 70
31 58 83
5 15 14
60 85 18
80 84 17
74 112 73
25 55 20
23 54 32
62 113 89
22 49 93
52 53 90
9 10 67
28 39 50
35 43 99
14 89 4
18 64 18
78 85 7
25 44 62
103 119 27
3 91 51
67 110 13
55 100 17
62 76 19
19 112 27
26 37 53
54 67 51
18 27 16
76 91 81
3 11 60
46 108 2
47 84 76
6 69 21
0 100 57
3 102 100
67 81 41
35 56 59
61 64 10
3 93 94
26 89 29
20 47 39
7 12 13
26 103 88
55 71 19
11 113 80
0 39 30
93 118 94
40 76 23
71 82 53
38 103 36
51 88 21
25 56 48
30 75 19
41 50 13
10 27 14
21 84 41
16 41 38
4 108 96
3 35 56
70 91 67
25 102 59
58 73 6
1 83 18
65 90 96
51 119 100
45 104 10
26 58 2
15 22 46
43 90 40
33 87 64
12 33 39
39 64 8
26 63 79
55 84 48
63 112 97
36 52 15
5 45 42
27 89 71
3 61 63
18 72 64
19 53 86
76 110 59
75 80 80
43 110 89
16 64 58
25 33 50
43 115 61
25 28 69
31 41 25
3 52 28
40 92 14
17 88 29
82 99 83
51 63 33
43 106 10
53 118 22
41 92 13
16 23 68
75 101 87
44 69 90
71 91 68
68 114 17
66 89 85
19 49 32
13 59 89
46 113 40
45 90 89
37 92 29
31 111 53
55 81 66
37 45 62
66 100 43
8 65 92
8 47 67
76 89 67
32 73 78
2 55 43
85 110 60
37 86 54
6 61 52
17 42 82
38 57 23
59 61 49
49 113 100
58 96 40
20 23 41
2 22 60
6 8 96
35 82 45
0 45 84
31 119 89
90 118 71
104 115 75
3 41 85
37 99 65
43 68 78
28 49 42
0 113 69
19 84 77
20 43 85
49 117 94
51 89 57
43 70 78
25 95 12
108 112 3
50 56 77
28 99 74
14 66 50
21 104 29
59 79 85
11 89 87
21 63 17
34 102 21
64 119 71
14 65 79
56 95 6
6 76 83
51 109 59
19 27 46
27 51 11
93 101 4
3 5 77
90 107 53
35 58 39
72 113 80
14 24 53
31 33 80
51 104 26
49 109 54
72 98 62
60 109 48
31 92 6
4 23 21
4 81 1
18 112 84
41 86 42
71 75 8
7 77 29
107 109 30
33 47 16
54 118 74
54 68 85
56 82 49
10 18 81
6 112 100
74 93 53
9 117 7
2 25 91
24 117 51
97 113 13
10 35 32
3 78 44
22 62 80
41 96 73
102 106 49
27 93 50
55 116 20
55 111 70
25 81 27
7 102 51
53 103 98
23 101 27
0 73 57
34 63 43
16 24 12
91 107 22
1 100 86
87 96 6
20 110 4
1 32 64
87 116 40
12 81 19
66 75 7
63 116 26
7 30 94
15 34 59
0 109 89
69 99 52
97 107 56
66 67 100
15 73 86
47 108 5
99 114 40
48 105 23
22 75 97
68 72 55
24 114 87
45 118 29
22 89 25
50 97 53
38 111 23
60 77 56
50 84 5
92 102 58
43 53 19
60 107 69
12 34 64
41 60 84
12 42 96
0 52 94
28 52 42
37 70 76
4 104 47
7 87 18
44 71 66
77 118 72
76 115 13
24 58 13
69 100 22
15 44 32
83 101 46
4 71 14
42 50 72
65 86 58
33 54 22
34 81 3
77 114 31
27 115 47
32 119 10
66 98 30
36 46 98
46 99 37
64 77 62
14 44 79
60 68 73
21 54 27
78 91 33
66 112 92
20 107 92
5 61 67
22 39 34
64 106 19
59 89 66
75 119 57
45 89 24
52 98 70
50 119 47
48 80 62
4 70 82
10 41 33
15 77 35
53 86 7
63 92 2
10 77 4
62 115 59
43 49 54
22 88 6
27 106 38
14 68 75
24 75 97
75 103 21
70 105 49
79 108 34
0 41 3
26 54 89
34 71 32
45 109 84
43 95 44
73 103 29
18 118 83
74 104 62
17 95 96
2 60 50
2 103 72
75 116 85
11 115 85
64 105 40
95 107 22
47 114 67
33 77 30
1 64 54
53 87 26
35 101 19
53 102 13
52 79 30
65 68 24
42 69 1
7 108 36
0 60 22
32 88 62
33 103 33
9 106 99
55 88 17
7 27 23
53 80 47
30 34 26
52 90 60
54 64 74
0 8 35
70 115 98
21 40 74
68 88 51
4 26 68
100 118 13
76 85 59
6 64 46
0 23 32
44 47 89
23 95 6
98 109 96
100 114 90
4 105 99
55 110 94
26 117 30
17 44 10
17 67 22
8 78 43
61 115 62
27 54 18
30 32 48
23 27 24
50 104 42
15 95 10
104 107 15
16 115 83
20 70 66
39 53 8
29 90 16
33 99 2
69 110 25
29 58 86
78 105 41
44 79 37
6 28 75
16 36 14
47 69 9
83 116 82
23 48 48
48 76 73
63 97 93
40 110 53
26 47 92
36 106 11
72 114 36
22 84 69
11 118 30
10 53 54
36 78 26
16 26 70
2 18 17
28 110 93
30 31 16
34 99 26
1 80 16
54 89 34
12 20 34
86 115 11
42 43 49
107 114 61
56 100 18
3 104 87
95 102 17
18 54 9
37 76 79
33 65 21
18 81 79
98 103 77
44 60 40
94 114 77
22 112 88
5 63 31
10 57 73
116 119 61
85 97 54
4 74 38
56 86 81
70 72 36
84 90 83
6 103 59
112 119 12
50 91 79
75 108 50
29 85 78
19 28 80
32 45 42
2 32 24
93 94 87
71 107 75
71 97 21
1 72 43
45 119 14
43 118 20
78 99 27
59 111 31
11 117 63
81 107 21
87 109 40
72 115 33
27 47 23
19 71 93
51 52 55
10 100 54
29 39 95
35 50 74
0 17 71
38 79 14
23 34 35
76 90 42
15 83 67
35 78 93
21 38 97
47 59 96
69 74 82
51 71 89
2 49 80
46 73 45
54 102 65
70 73 93
40 97 1
58 118 19
60 78 33
32 115 20
23 80 1
1 69 86
34 91 20
0 50 50
66 97 82
90 114 68
57 62 89
50 81 7
39 104 93
61 110 8
73 95 80
96 113 58
20 24 28
4 50 41
80 88 14
19 62 23
4 63 77
89 93 40
93 111 36
13 77 92
4 88 78
87 119 73
70 81 79
17 61 14
45 82 58
30 71 66
31 117 68
86 99 65
60 62 97
46 105 25
5 78 73
2 62 21
41 101 75
7 8 93
17 35 25
19 65 54
27 110 4
24 76 73
0 35 92
26 79 12
15 32 60
15 64 62
50 96 60
16 18 27
56 74 13
25 99 60
63 107 85
19 32 56
19 91 14
29 108 94
26 55 37
74 105 94
10 42 25
19 92 42
28 65 70
32 113 34
11 15 75
34 37 12
10 38 8
39 91 56
39 61 7
43 54 57
32 101 82
87 88 72
30 84 19
1 103 11
74 110 47
20 71 34
85 114 56
14 109 38
88 111 63
15 86 57
75 113 97
6 10 92
46 84 58
9 15 9
45 63 21
8 45 21
4 84 5
23 104 87
5 101 15
26 30 16
43 97 69
61 101 86
15 37 46
52 94 50
24 66 96
92 119 40
48 61 51
24 59 44
36 71 81
82 106 58
41 56 78
17 23 48
18 75 26
53 107 37
25 88 28
41 61 32
69 109 41
20 74 56
63 77 99
47 112 28
6 77 11
81 99 42
11 40 75
17 59 8
56 71 47
8 115 84
79 97 100
108 116 26
38 50 53
15 119 64
80 112 33
13 101 19
98 112 46
14 23 52
73 116 41
18 88 70
14 19 32
19 75 58
50 101 25
8 52 82
70 103 43
55 83 25
3 67 17
64 76 49
58 67 1
7 15 5
80 91 74
62 103 37
46 61 84
51 92 42
81 96 26
100 107 55
40 79 12
5 69 100
60 95 35
46 70 79
0 42 45
4 8 63
43 46 83
61 76 56
104 117 2
38 75 41
67 75 74
81 83 91
18 69 75
20 75 100
19 47 44
0 103 4
67 114 41
68 73 65
8 54 18
46 114 46
53 112 79
64 81 84
22 78 81
63 91 98
59 64 14
10 61 56
58 60 37
31 86 44
43 113 26
67 112 36
33 85 80
49 51 51
35 54 1
29 89 66
111 113 44
56 85 20
87 105 76
95 111 12
8 29 41
31 102 2
0 69 27
31 62 84
1 70 2
28 115 70
16 118 58
50 59 60
53 90 73
42 76 24
4 101 11
10 101 20
33 58 24
63 108 90
16 90 21
67 107 21
29 64 63
4 36 80
28 50 19
10 66 67
5 104 32
84 97 65
3 62 88
20 56 88
38 76 16
18 56 62
76 103 19
40 87 7
48 74 89
39 111 88
23 114 78
97 112 80
55 92 14
19 26 19
14 63 1
66 74 98
86 114 93
36 79 71
52 55 75
21 67 39
57 97 70
33 92 71
69 103 90
9 33 52
5 116 69
75 99 15
28 53 52
90 102 63
34 50 98
43 52 6
21 100 87
92 106 31
4 48 89
11 27 78
5 29 39
47 55 51
21 56 19
49 100 78
11 87 51
47 72 86
39 80 80
33 105 80
18 114 38
13 67 26
44 104 30
13 106 83
88 103 87
13 63 5
52 65 29
13 103 81
64 86 49
51 118 92
19 56 91
34 36 67
15 29 24
87 110 14
10 99 8
2 54 72
7 97 3
14 27 46
67 90 10
87 92 46
70 100 42
103 108 9
14 28 1
100 102 92
25 73 57
48 102 14
11 103 28
35 97 95
30 69 32
49 79 44
7 116 15
54 110 22
91 100 5
28 106 75
10 67 43
32 44 11
27 33 14
91 96 39
5 49 99
96 115 51
42 72 42
70 108 34
65 96 99
64 113 56
30 38 5
44 113 15
71 93 83
24 60 12
6 94 76
43 75 69
56 67 6
75 112 58
76 99 19
24 40 45
46 63 99
8 28 41
52 60 51
57 109 51
63 106 59
55 75 77
34 118 28
51 83 90
111 112 50
7 41 43
4 42 48
13 62 43
72 83 18
46 48 25
3 6 23
15 50 81
1 87 65
8 110 46
34 57 45
46 57 53
0 55 85
24 33 64
84 98 86
5 119 95
14 104 95
49 63 11
92 94 45
31 63 69
85 102 74
4 77 10
2 107 53
49 80 21
20 28 33
19 100 37
0 111 46
3 118 39
30 58 17
43 99 72
60 61 20
54 81 95
36 44 99
36 63 13
24 25 66
60 102 39
17 104 75
1 31 23
43 74 43
45 83 30
60 111 2
13 71 56
96 119 11
66 104 60
19 97 55
91 114 90
30 77 80
56 62 34
4 109 41
17 82 14
69 75 95
16 112 44
7 70 19
4 21 70
8 17 39
21 101 75
9 74 50
22 41 67
50 52 21
39 113 38
8 39 30
8 113 45
18 65 51
9 85 95
5 22 92
10 97 64
25 47 25
64 90 46
47 65 6
13 98 86
12 107 91
46 47 84
7 32 53
5 36 46
39 96 8
1 10 38
50 68 19
86 91 57
87 89 53
46 100 1
22 59 62
5 27 76
11 56 87
22 87 87
89 106 100
54 112 97
14 103 62
32 99 34
17 89 97
53 55 9
58 90 88
50 60 100
66 73 63
14 82 11
5 6 37
4 75 66
48 55 53
61 71 56
71 115 37
90 95 41
71 87 44
22 105 13
30 74 97
25 87 52
24 83 48
41 117 72
43 119 52
95 106 3
102 107 67
44 115 50
27 109 50
57 60 48
51 98 16
42 92 99
3 58 66
14 55 88
25 67 79
87 90 36
47 66 64
19 22 17
23 53 62
80 103 58
62 75 80
2 97 18
77 103 80
63 73 28
65 116 57
62 118 75
58 101 26
15 112 65
20 68 94
24 97 93
59 93 21
0 85 87
97 117 54
72 74 75
15 51 79
21 110 72
101 107 91
106 115 17
7 58 4
8 58 25
81 116 82
24 62 69
26 57 66
60 92 41
13 52 68
27 67 26
77 92 30
23 32 1
16 102 87
90 112 26
3 69 37
37 54 44
42 68 2
35 72 43
47 103 10
8 96 97
6 30 53
39 98 42
32 69 77
44 65 52
18 73 22
73 89 44
59 73 84
0 96 67
21 53 42
24 112 84
41 79 96
5 38 97
15 91 57
77 100 14
33 102 3
29 109 88
2 81 25
70 101 62
30 56 50
36 39 76
104 111 4
23 111 59
48 71 41
17 33 87
39 105 84
46 102 12
42 109 82
60 90 3
92 101 46
66 115 93
43 104 58
27 52 56
29 74 13
26 94 83
73 105 96
11 104 92
32 97 62
2 99 39
47 86 58
38 43 63
1 98 31
60 106 96
11 107 40
4 89 85
47 82 3
81 105 40
56 80 62
35 117 63
94 95 57
4 55 90
5 50 14
16 59 29
33 107 95
30 99 83
11 14 34
54 100 18
1 41 81
2 117 79
10 114 44
52 91 40
57 83 87
73 99 21
24 30 53
69 84 6
29 75 31
3 44 82
77 90 32
2 77 35
12 39 71
7 10 23
1 73 45
9 13 79
7 59 49
2 10 48
75 90 94
39 108 35
103 115 20
86 113 47
56 60 20
12 26 94
40 83 80
37 73 15
24 49 57
51 67 87
78 95 89
76 93 40
3 60 38
0 80 78
13 21 86
32 93 59
30 42 63
58 110 55
64 89 42
70 92 85
7 35 38
84 88 21
81 101 91
32 35 28
48 60 11
7 71 72
10 52 32
89 118 49
53 71 44
38 104 70
41 85 54
103 110 33
6 87 76
51 106 70
22 58 19
39 88 24
2 79 16
28 93 93
18 59 50
63 94 64
4 93 14
15 31 73
85 88 54
65 72 91
6 79 85
24 53 1
56 69 43
14 60 35
10 17 26
31 38 63
7 95 7
103 113 96
86 89 78
116 118 18
4 44 21
24 119 91
106 109 71
1 47 85
99 118 25
67 99 15
30 53 65
41 77 52
27 39 32
16 54 74
3 43 99
41 82 26
21 118 29
7 48 35
48 67 71
39 44 43
28 91 59
12 18 80
71 109 30
87 117 77
10 79 44
36 91 82
4 20 91
18 79 59
55 73 83
38 118 4
92 95 53
102 109 69
46 88 53
24 77 82
28 89 71
95 98 76
12 118 96
42 94 75
56 79 41
34 86 60
27 29 62
50 62 9
8 56 59
11 53 15
27 91 77
20 96 86
16 57 96
18 26 69
46 90 65
72 105 95
0 78 100
106 117 56
71 95 62
55 93 54
20 106 78
22 113 54
6 53 4
6 98 31
62 92 64
7 69 93
7 73 24
3 65 37
7 88 88
6 24 35
99 117 43
7 119 74
71 116 29
10 71 51
57 66 21
73 92 84
62 94 44
12 87 77
62 83 29
38 53 95
36 68 98
8 75 57
11 96 65
9 80 34
16 111 14
39 81 44
45 108 15
48 52 25
54 116 93
56 64 90
90 100 48
24 111 23
72 80 66
40 68 48
9 68 92
45 54 30
35 109 65
69 98 99
25 54 14
57 59 43
79 95 33
79 112 4
46 53 50
54 85 62
6 96 53
11 39 7
11 34 52
103 106 18
80 102 48
41 54 8
11 20 41
2 90 46
54 88 85
35 48 93
93 96 90
34 90 45
45 52 59
40 63 88
57 76 4
47 107 58
39 85 11
20 94 49
87 102 82
20 59 54
55 101 75
40 91 55
4 86 22
68 95 21
75 118 72
30 43 16
34 55 73
49 65 7
8 90 81
7 99 57
93 115 4
57 87 80
80 96 46
99 106 63
97 115 90
78 110 95
36 94 24
75 117 8
6 25 68
64 98 39
23 55 96
27 69 40
12 74 72
29 107 8
86 110 58
25 32 33
25 78 1
2 93 87
77 113 21
21 116 14
97 114 82
1 90 72
26 43 33
31 42 25
70 83 31
44 111 2
77 85 65
78 92 54
51 90 92
17 71 4
12 65 71
8 16 54
67 88 15
72 90 79
35 75 25
46 101 39
83 111 22
60 64 96
45 92 82
18 38 42
68 116 77
1 35 83
43 69 92
27 46 81
99 111 92
82 104 44
107 113 7
27 37 66
79 98 33
73 96 91
85 105 10
112 114 35
46 68 100
33 79 78
12 102 44
5 109 13
56 76 99
22 102 34
29 118 20
113 115 7
93 98 34
76 86 74
73 112 49
35 65 56
71 98 46
60 118 40
15 20 96
45 66 29
8 60 7
67 96 87
64 111 63
108 114 88
33 74 65
10 107 45
35 119 69
41 45 94
7 79 19
16 104 71
50 107 3
60 82 28
17 103 54
53 57 51
55 64 40
50 89 6
105 119 28
1 114 86
33 94 80
48 106 70
45 110 96
115 118 54
21 81 57
55 68 72
57 107 49
30 48 100
68 92 85
21 114 92
16 117 43
98 110 33
15 17 48
76 81 97
21 105 63
22 25 83
56 97 64
74 108 2
24 110 8
15 26 22
92 118 70
37 51 9
40 117 12
2 27 19
44 63 41
42 64 31
63 100 16
28 97 43
23 24 85
18 77 49
17 48 34
30 116 74
63 89 59
1 96 28
93 108 39
68 78 65
31 82 50
0 105 6
26 105 47
31 79 20
13 72 86
56 83 85
54 98 91
25 70 18
50 54 10
22 91 20
65 66 80
20 98 100
7 14 17
1 28 46
78 87 6
41 108 14
67 94 81
56 109 100
73 113 1
19 59 64
40 74 83
15 89 52
40 71 96
13 23 47
0 32 56
54 105 75
27 117 74
17 28 12
45 115 100
65 84 22
53 61 26
19 96 53
9 21 14
62 117 77
27 119 55
4 34 60
54 97 80
16 30 63
9 32 5
16 93 12
12 44 54
22 69 56
55 106 41
58 106 23
68 85 12
37 90 5
56 72 96
62 108 22
1 20 60
54 113 63
35 93 12
37 100 90
98 102 56
21 78 94
65 77 11
2 78 13
1 118 78
8 64 26
28 29 95
38 117 13
51 100 60
35 74 40
61 102 75
37 91 67
79 115 93
46 83 18
18 41 12
50 86 65
15 72 43
43 117 92
85 113 85
25 97 26
36 117 78
54 117 37
41 105 54
50 53 48
44 80 74
42 96 50
72 77 57
43 78 65
38 97 77
53 84 76
45 94 72
65 69 78
16 87 3
27 114 39
47 94 20
105 112 32
17 51 57
24 43 81
29 103 60
106 116 15
75 95 78
14 117 88
16 61 26
8 9 100
5 28 4
5 52 82
59 108 12
23 67 82
69 89 43
89 101 40
27 97 67
62 74 18
9 69 45
46 92 37
62 110 54
12 31 48
97 119 3
88 96 40
10 12 46
67 97 68
6 93 37
57 99 19
8 103 10
15 93 89
30 83 55
14 52 95
27 92 71
19 115 64
60 98 89
7 75 55
8 26 96
38 60 35
7 106 94
10 56 53
52 112 80
30 67 12
52 107 45
17 79 33
9 67 29
46 91 36
69 101 17
27 31 69
42 86 35
4 17 14
12 101 49
45 112 39
54 78 30
26 111 36
34 72 81
38 105 85
16 70 55
30 118 83
12 16 3
27 86 48
50 77 12
77 102 68
36 56 19
42 108 48
70 106 66
5 90 85
3 77 42
65 105 25
53 98 4
18 62 4
59 63 95
10 50 28
19 38 4
15 105 19
94 106 4
17 64 84
31 77 25
14 87 25
20 53 77
38 70 17
32 89 90
38 62 71
15 38 9
39 107 30
69 88 17
64 85 3
13 119 73
80 119 71
83 115 53
22 37 79
96 106 62
58 98 13
84 101 37
3 116 42
34 103 26
2 7 79
9 64 73
32 39 25
52 100 5
8 18 60
3 105 89
31 106 47
3 15 7
34 59 8
74 84 70
9 76 96
83 112 66
4 31 51
30 102 96
0 5 91
2 115 13
21 98 22
55 61 58
101 108 54
8 117 39
107 112 95
8 48 27
11 100 29
17 69 53
86 117 85
99 100 54
23 41 49
30 50 9
104 119 38
42 101 15
75 100 63
13 113 4
51 72 58
97 109 38
11 61 16
6 92 39
19 34 52
14 45 36
39 72 83
31 50 87
83 97 99
4 53 13
39 82 48
9 26 77
7 36 42
14 67 97
51 80 28
72 84 21
46 118 83
0 92 63
40 90 41
98 106 71
2 100 70
33 72 31
25 80 17
82 90 44
55 69 58
13 46 26
24 80 90
42 95 98
14 86 58
86 105 20
24 34 20
32 110 15
25 52 97
46 115 9
117 119 73
3 48 23
36 110 81
42 79 81
4 39 45
6 99 92
11 80 40
113 117 88
6 85 82
77 88 33
3 54 98
36 80 82
58 102 82
76 116 98
13 49 49
44 78 56
8 82 17
20 25 70
20 82 89
14 69 26
76 82 24
95 101 49
4 68 48
75 79 71
55 76 31
23 119 19
19 116 8
11 44 39
48 104 65
0 29 43
79 89 82
28 104 78
0 71 46
17 50 45
27 77 2
17 83 21
23 35 73
56 88 74
25 48 25
38 90 60
62 119 54
5 16 84
82 117 76
23 115 24
15 92 35
21 83 41
7 31 67
42 61 43
29 88 73
22 90 84
1 54 24
26 40 62
81 112 17
23 43 17
79 80 15
9 23 70
23 45 66
25 91 16
2 14 31
7 78 2
43 67 48
16 99 49
101 102 48
14 80 45
12 82 57
37 69 78
22 36 67
19 37 60
59 80 79
28 116 70
10 106 72
60 74 11
35 64 47
36 70 31
54 58 75
91 111 47
61 90 12
79 88 73
2 83 59
17 41 35
60 104 41
0 21 60
25 76 73
35 36 52
8 108 14
80 110 79
16 53 62
4 40 35
11 66 79
29 65 55
72 75 20
87 115 38
70 116 61
83 94 91
8 27 84
19 50 20
3 39 21
1 23 41
21 73 55
20 99 30
0 79 22
29 37 48
77 106 44
23 56 78
11 30 64
46 50 2
23 90 18
60 93 47
88 92 83
66 103 63
63 110 42
5 74 8
62 107 97
74 75 4
79 111 86
4 114 100
9 25 78
80 113 85
72 97 82
82 88 35
29 42 48
14 110 46
45 111 16
17 43 21
96 108 96
24 87 69
21 52 94
58 93 47
49 81 60
21 119 68
15 71 84
90 105 84
36 96 98
21 28 19
23 116 98
50 72 73
28 103 54
5 67 59
78 86 51
88 93 47
105 117 3
21 65 84
56 92 7
6 38 98
34 116 14
28 55 96
82 87 19
36 81 58
33 71 61
71 81 18
32 81 30
22 110 22
23 72 45
72 92 54
1 16 57
61 81 91
87 108 1
54 94 62
97 100 48
33 63 55
10 24 10
25 93 75
2 82 87
99 107 5
15 100 73
17 57 4
0 4 51
28 86 15
1 108 20
65 100 46
42 75 60
80 104 33
54 57 93
43 85 31
59 101 72
12 52 16
15 68 86
30 97 47
2 36 74
1 116 14
31 90 48
87 111 24
19 24 90
10 19 92
57 104 68
11 92 23
29 59 88
14 21 68
50 112 5
40 75 22
39 55 1
7 113 89
24 38 1
3 75 5
7 101 90
70 94 89
42 62 15
79 82 98
70 86 38
1 19 52
49 107 7
46 97 2
74 113 97
58 104 27
85 87 41
68 91 61
36 88 46
17 114 34
33 96 14
74 89 79
26 28 83
26 108 83
56 66 79
13 76 43
45 51 80
52 87 55
9 39 91
11 71 23
11 99 92
29 41 32
52 95 43
16 91 17
26 113 59
96 111 3
80 116 28
26 66 91
21 108 89
30 57 36
16 101 31
2 11 6
7 91 5
50 57 75
91 97 27
38 63 39
39 109 24
87 112 85
82 115 98
66 85 17
39 94 60
105 106 56
59 85 36
57 80 2
5 82 45
14 73 84
24 105 16
13 83 36
0 88 76
8 43 10
67 85 80
51 91 68
50 106 7
50 118 65
65 104 90
56 91 48
56 114 94
28 82 27
70 95 71
25 42 38
56 93 53
13 108 36
63 98 94
32 100 82
12 57 56
72 73 16
62 63 71
18 119 57
41 89 10
27 38 27
51 112 99
44 96 97
1 71 83
112 117 17
0 84 61
24 64 38
48 99 81
4 116 38
40 48 70
88 117 27
15 101 66
7 17 74
12 72 12
37 105 82
73 86 77
40 61 97
47 71 54
74 81 14
49 110 68
5 89 29
19 40 13
25 69 49
52 96 32
18 86 74
66 71 31
16 103 76
20 67 50
22 72 93
41 95 46
13 45 60
94 108 40
11 86 65
13 90 73
41 106 99
38 39 77
78 107 5
17 94 13
15 67 64
57 105 42
19 54 2
10 69 42
77 109 95
21 42 41
8 19 44
74 92 40
7 44 16
100 111 61
93 117 86
20 119 55
76 98 30
21 36 14
23 91 60
8 32 94
8 23 70
36 109 52
38 106 82
45 96 26
71 102 3
92 103 95
15 115 97
57 58 54
47 70 93
31 98 13
57 106 30
2 39 20
23 47 10
30 100 68
57 77 9
34 47 88
104 118 5
81 94 98
20 49 56
19 21 82
35 44 94
34 82 60
24 82 14
34 41 76
23 59 4
97 106 54
40 98 18
74 87 83
58 109 42
76 109 30
56 73 35
4 12 8
49 89 90
15 47 72
2 41 33
14 59 31
61 66 92
15 70 56
47 63 62
37 49 18
54 55 91
40 118 2
80 86 6
5 9 2
68 99 23
53 76 66
9 45 97
2 96 38
17 80 56
16 63 40
42 57 87
12 62 86
32 71 28
29 100 59
53 74 1
110 118 8
31 52 16
18 31 93
29 106 89
21 89 8
5 37 33
60 100 81
50 105 14
23 106 12
105 116 62
29 86 61
2 67 65
49 84 47
86 119 14
37 67 30
32 65 73
24 36 94
99 115 54
1 9 61
21 103 40
0 38 26
7 61 75
14 49 36
47 51 82
64 101 98
57 94 33
98 115 32
63 102 2
18 113 41
9 14 53
7 55 3
5 100 18
18 103 24
11 84 100
23 86 63
54 96 26
18 95 89
98 104 64
15 24 55
38 54 58
52 72 62
42 99 76
3 109 88
29 117 47
54 63 69
18 96 43
33 37 45
20 100 64
7 80 85
2 31 26
33 108 59
48 93 62
43 72 27
80 100 5
62 105 15
49 114 39
49 96 64
75 76 86
98 119 22
26 100 44
62 112 81
4 91 91
42 73 86
30 66 37
43 83 39
47 93 20
36 41 91
71 105 56
14 98 51
79 117 91
69 114 2
12 109 66
50 94 31
27 42 43
20 114 70
4 82 58
0 77 35
11 26 14
1 46 44
11 91 46
13 44 25
26 115 61
29 96 11
34 78 70
82 119 79
67 113 60
40 49 47
13 28 9
16 105 80
48 97 69
55 94 49
62 86 17
19 74 30
88 119 99
3 119 29
57 89 24
78 101 20
8 41 39
53 116 91
4 76 61
9 78 53
2 56 78
107 108 16
28 117 27
37 118 15
48 87 33
11 72 59
37 88 79
39 110 83
35 91 16
28 83 50
18 36 89
71 85 55
46 66 98
55 95 73
20 29 88
6 34 80
23 63 13
21 29 48
47 91 79
0 97 96
99 116 29
29 112 33
14 50 29
21 88 19
41 47 50
19 72 13
39 43 36
49 94 28
86 107 24
108 117 64
32 109 19
101 109 20
62 109 23
24 81 16
53 63 85
48 119 13
46 116 82
40 114 96
51 69 30
55 91 82
46 98 43
3 72 19
62 82 94
30 94 24
21 69 89
35 90 87
11 19 62
70 118 95
33 42 13
94 115 63
23 98 37
81 82 32
59 74 69
16 25 33
18 50 57
50 95 17
69 77 48
72 100 48
63 75 58
53 88 17
100 105 8
32 41 21
24 91 81
47 60 40
39 78 43
68 115 68
9 77 21
16 66 33
69 116 68
4 43 8
78 115 29
4 92 82
7 19 81
29 38 99
9 43 6
56 102 98
25 40 16
63 74 52
11 108 76
45 116 57
45 61 98
72 76 38
20 44 7
63 88 69
5 60 49
25 94 22
19 102 78
5 114 94
11 38 80
16 19 96
50 102 8
31 67 81
29 48 99
78 82 69
60 112 61
34 114 67
69 117 68
38 49 82
15 113 26
20 72 90
106 114 87
55 89 89
36 93 5
6 73 90
9 104 9
36 113 14
30 119 87
16 44 13
78 118 30
70 93 90
62 99 7
13 100 47
92 110 90
16 50 24
74 91 48
60 87 65
26 38 83
18 80 46
61 107 47
68 102 47
7 53 77
24 100 22
53 78 59
28 107 56
23 29 20
72 95 46
64 91 5
12 17 88
88 106 25
8 42 80
88 116 53
81 88 68
41 116 60
73 115 64
43 47 81
14 43 82
68 76 12
3 4 100
56 90 53
7 118 31
30 82 8
49 108 78
65 92 93
6 16 94
23 26 33
44 55 98
4 107 18
7 115 63
25 62 51
4 73 96
5 77 85
78 90 98
36 92 17
40 80 6
9 107 28
66 77 99
78 89 33
12 32 38
111 116 36
20 31 43
27 30 94
33 111 40
38 110 1
83 100 41
60 110 65
81 93 73
51 54 96
56 99 99
23 49 96
22 74 55
104 116 51
15 66 77
74 83 63
24 51 90
10 116 64
49 91 57
10 109 42
63 103 90
25 63 26
39 119 8
60 76 73
14 39 43
70 113 33
28 95 50
7 64 100
22 82 46
12 40 25
58 74 60
17 68 78
39 54 95
10 16 26
70 84 77
6 51 16
58 99 86
22 31 28
11 83 60
7 52 21
28 47 14
18 97 47
18 115 79
5 94 94
71 118 59
5 117 38
50 73 2
64 65 92
47 75 45
27 66 74
27 61 75
32 74 76
48 108 91
15 33 26
8 102 59
89 97 63
42 55 54
99 113 21
57 88 69
8 51 22
64 93 89
26 69 15
29 56 91
35 94 6
91 99 25
3 82 46
49 87 74
29 72 42
40 113 46
35 59 63
45 76 26
20 92 77
39 95 4
5 14 52
90 119 75
68 113 30
4 96 68
33 115 62
65 75 95
16 76 59
19 93 85
55 57 43
36 115 65
49 67 70
46 119 8
39 116 83
100 117 54
1 106 13
44 73 60
46 56 55
4 22 17
6 82 67
35 100 43
39 75 24
104 105 8
5 34 69
64 108 25
33 119 63
24 37 90
20 55 56
56 115 73
44 64 24
43 50 93
79 81 39
5 76 48
7 90 79
30 40 12
13 25 99
24 108 40
32 85 24
14 83 11
20 65 14
78 112 51
46 55 39
48 81 4
44 59 37
55 58 77
30 79 94
28 77 63
6 117 11
4 18 97
21 90 65
42 114 54
61 92 90
16 40 33
23 69 53
6 107 8
65 70 52
66 69 18
55 77 34
35 46 73
59 91 38
2 17 26
4 80 93
52 99 38
1 42 63
83 98 99
80 106 16
18 100 96
24 115 68
90 103 25
36 40 35
4 83 16
16 38 20
74 107 7
21 26 89
67 76 32
35 98 21
8 112 62
43 112 28
48 112 69
73 83 99
23 92 8
31 35 13
8 33 39
14 48 24
6 37 99
6 72 32
22 106 78
89 113 4
24 96 1
58 63 27
32 61 44
59 117 27
21 30 28
52 83 47
10 113 19
3 27 75
32 66 59
32 43 66
4 28 15
17 93 79
53 75 8
26 67 16
29 34 86
68 93 67
6 39 20
37 102 39
31 116 82
61 75 22
28 75 10
49 83 2
17 101 16
58 80 9
19 85 77
29 82 85
74 101 88
17 75 52
27 96 10
44 93 97
36 58 1
35 63 17
38 66 28
26 101 42
74 98 19
2 63 12
53 72 32
20 35 25
68 107 86
45 73 61
21 95 59
0 7 87
53 89 43
87 106 13
36 72 28
23 88 39
8 50 12
22 55 41
25 31 49
84 86 22
34 93 63
34 52 7
67 106 68
43 101 64
73 81 61
33 113 86
57 82 23
41 118 76
76 113 50
35 73 10
9 56 98
16 49 20
12 69 34
52 103 35
12 117 41
21 113 49
33 40 25
13 24 10
18 102 95
82 112 8
53 77 38
83 118 47
49 77 100
66 110 42
13 91 80
66 80 23
51 65 89
56 118 74
33 81 96
50 71 21
35 41 50
88 108 24
90 110 3
32 96 14
21 111 55
25 50 89
28 31 31
52 104 41
37 114 77
89 108 90
1 77 13
48 56 2
4 45 81
26 27 42
26 33 94
49 95 28
21 44 77
49 75 67
69 119 13
58 85 79
77 97 47
56 61 85
21 72 13
34 113 79
34 92 98
3 36 41
64 75 82
12 19 1
53 111 38
16 52 72
77 98 60
12 75 38
5 92 2
35 112 83
3 88 21
40 66 29
49 74 79
0 22 66
29 104 83
22 29 100
15 85 4
79 119 29
11 79 51
7 66 100
57 61 82
2 12 63
17 47 88
77 93 8
58 77 89
13 61 42
77 119 65
6 110 26
6 7 16
54 86 35
43 79 18
16 113 73
0 118 39
39 63 93
15 52 92
86 94 94
6 86 51
45 67 95
15 104 21
68 104 3
31 32 26
41 51 75
30 64 4
2 118 4
84 96 60
40 45 81
32 70 53
38 82 40
37 115 29
72 96 39
32 46 6
25 86 83
1 84 31
38 101 88
14 107 35
62 71 48
22 70 19
49 53 100
97 102 26
81 117 24
3 42 50
98 101 75
34 65 40
12 96 32
63 113 73
13 86 38
75 92 89
33 39 59
32 38 48
20 61 56
57 111 50
40 94 70
3 63 18
60 116 49
28 118 38
11 51 24
63 79 45
6 115 79
2 9 35
21 23 68
28 72 43
81 89 46
27 41 26
91 103 4
12 97 91
22 54 68
30 112 25
68 106 36
49 76 29
91 101 14
118 119 12
9 108 49
54 93 30
63 68 82
44 48 20
71 79 73
4 27 86
11 48 46
40 65 8
82 116 32
13 47 90
36 62 28
32 48 47
18 21 82
47 118 71
17 74 35
88 112 28
19 52 46
66 101 79
71 76 13
78 111 18
54 103 17
65 106 73
27 70 72
5 64 43
26 71 25
10 34 88
25 89 3
57 64 28
86 109 21
9 47 76
24 56 64
10 55 3
27 90 6
53 110 40
34 96 37
71 72 18
99 104 81
66 105 80
59 114 58
14 34 7
17 108 66
43 45 81
5 96 52
11 78 60
1 67 26
92 114 64
21 66 34
14 100 87
57 67 32
11 85 34
8 79 31
70 117 91
15 35 17
38 81 57
44 75 39
92 116 83
76 106 83
98 99 95
7 43 87
44 45 18
22 34 72
54 82 73
25 27 20
9 63 93
68 82 13
33 57 57
97 101 62
6 67 30
56 108 43
13 112 19
81 109 15
10 46 25
40 105 86
7 38 15
81 87 6
1 82 46
95 118 43
14 31 72
19 114 14
74 115 94
104 114 66
82 111 62
48 98 30
77 105 98
40 95 69
49 103 73
39 103 81
13 64 10
31 36 50
18 60 37
44 109 10
25 77 77
109 116 97
38 85 38
35 47 74
1 4 61
48 72 97
3 38 56
64 95 76
1 99 44
55 74 11
61 99 19
93 100 29
80 82 36
17 70 18
12 21 54
64 74 49
9 75 26
44 66 2
14 115 76
57 81 33
66 83 71
33 36 27
68 77 10
59 72 83
12 84 71
8 63 98
31 96 12
6 49 90
27 101 47
31 109 46
53 70 1
50 79 95
40 78 97
60 113 34
38 115 69
55 63 79
13 39 99
13 22 13
8 72 59
23 118 6
105 108 12
83 106 66
40 73 1
36 82 87
27 64 14
83 88 71
25 113 23
31 39 54
35 102 98
1 45 55
10 64 77
8 93 17
23 117 90
13 95 26
27 118 43
10 80 27
37 63 74
20 54 21
106 112 62
11 111 82
10 87 25
14 93 92
54 83 59
0 3 76
83 110 59
32 53 7
11 102 74
15 46 11
25 49 6
90 99 98
20 102 63
9 58 61
46 51 22
0 99 78
89 98 79
39 118 47
30 107 24
101 118 47
51 56 60
39 79 50
12 60 79
65 109 20
58 59 31
4 99 80
5 25 92
2 98 85
75 88 60
89 102 19
25 35 40
85 98 23
20 93 88
35 89 42
92 93 43
50 74 98
94 113 59
49 104 33
76 118 9
66 108 20
73 109 92
84 91 4
9 19 51
58 100 54
70 97 62
90 101 4
38 40 74
39 114 64
30 33 93
32 75 7
32 60 3
1 53 36
10 22 34
30 49 89
66 88 73
65 89 54
104 108 26
68 83 20
41 90 62
7 112 59
55 115 18
36 65 82
8 86 66
7 50 27
6 18 49
38 68 63
6 97 21
15 106 7
1 18 88
3 18 17
35 77 86
3 49 13
72 99 30
9 16 31
42 44 79
46 49 94
49 70 5
66 119 10
62 65 74
99 101 49
52 64 62
6 106 24
8 11 52
29 91 63
106 118 1
57 115 40
13 29 61
0 116 38
22 80 11
10 48 50
3 83 91
0 57 69
33 49 76
43 105 79
37 44 77
33 67 20
27 113 19
37 46 53
0 72 75
39 90 100
56 58 52
2 116 99
41 55 97
40 47 19
1 33 35
94 118 74
26 65 21
12 71 54
15 75 22
3 113 33
52 54 18
102 117 6
84 111 68
48 89 49
12 78 31
14 47 51
34 89 10
5 95 3
17 62 90
76 117 99
21 109 23
10 103 85
31 84 81
79 86 99
40 69 97
75 89 93
44 118 36
21 106 47
3 32 99
4 103 31
94 103 24
9 81 98
75 93 62
85 108 34
11 112 84
67 91 72
58 113 39
82 89 23
21 77 14
4 113 1
66 81 11
47 64 53
83 103 74
32 56 97
11 97 19
70 112 70
33 38 29
21 107 46
0 6 30
53 68 87
22 92 46
6 52 51
5 32 21
76 114 37
76 101 27
96 103 12
70 102 75
71 110 84
55 82 37
26 36 56
68 90 20
52 110 10
28 67 5
26 59 16
78 79 2
2 104 90
67 77 99
95 116 11
54 114 19
37 87 31
13 66 1
29 61 33
30 113 84
12 83 45
17 21 93
17 76 15
71 84 89
36 50 75
18 40 57
55 117 98
69 85 93
49 71 24
12 35 6
81 98 46
70 85 19
45 65 86
18 67 10
48 68 96
38 107 37
10 102 5
94 107 8
12 80 38
8 118 8
43 73 71
59 88 19
112 116 87
40 101 22
40 72 8
81 91 73
44 46 2
50 85 86
10 36 29
12 30 50
102 108 3
43 82 46
56 65 70
34 35 25
114 117 73
7 103 42
75 107 65
1 48 68
63 65 33
6 114 80
11 67 64
67 109 2
18 74 71
37 50 100
18 51 27
37 52 79
29 49 10
109 111 73
47 113 94
29 113 17
46 93 85
1 101 10
51 111 83
90 92 24
20 90 24
100 113 85
64 94 82
14 71 86
81 103 9
54 65 19
88 94 97
11 88 34
16 83 90
32 34 64
13 53 75
44 90 43
58 116 20
52 78 87
1 68 85
22 96 7
23 51 85
57 103 96
13 48 42
41 62 96
28 80 33
0 95 73
56 70 50
31 95 12
90 113 84
34 117 92
13 30 41
91 94 64
61 88 73
16 96 81
67 70 34
88 114 10
32 87 10
68 103 35
3 30 43
62 66 86
0 28 99
62 104 57
10 104 72
39 74 49
34 60 60
54 72 31
64 100 82
77 110 94
25 36 52
20 77 50
29 71 86
16 109 31
34 67 41
30 110 41
88 91 97
106 107 20
2 64 38
57 93 67
35 85 95
29 119 52
101 103 35
29 70 34
26 95 23
12 115 58
62 68 73
15 102 51
17 36 56
36 77 38
67 111 21
34 62 15
99 110 44
11 109 36
16 82 82
22 60 98
34 69 19
52 69 8
26 118 28
26 98 1
58 65 44
83 117 22
21 45 79
45 79 81
12 86 14
12 108 48
31 65 77
36 85 34
82 105 63
10 63 13
6 48 40
26 92 47
58 68 53
30 89 33
50 93 61
53 59 84
27 60 35
9 31 63
12 91 59
58 103 40
4 65 80
7 20 75
64 73 94
11 46 75
30 88 4
60 86 19
51 94 56
47 67 57
30 106 100
76 88 96
44 100 100
55 86 44
45 87 45
8 24 100
103 117 56
4 72 82
70 99 30
8 99 40
21 34 36
61 78 49
10 68 91
41 88 52
6 59 19
80 93 59
54 66 29
73 82 60
10 76 13
81 84 72
6 22 14
15 36 82
50 90 88
24 63 84
15 60 71
30 60 28
62 77 4
31 48 55
1 59 52
82 101 62
29 62 12
80 95 26
29 97 96
103 116 18
18 39 72
34 95 73
32 83 64
8 106 16
45 84 76
92 109 97
113 116 72
26 48 40
71 117 89
68 100 49
34 107 39
28 78 13
85 93 33
22 43 40
95 100 75
114 119 85
57 63 69
24 74 8
34 64 68
30 105 93
1 110 21
33 64 41
40 116 16
3 59 4
14 78 88
49 99 54
5 48 70
60 117 16
69 95 31
30 44 96
7 23 53
59 81 77
88 109 3
88 110 14
19 89 10
12 49 89
26 64 92
30 51 20
37 79 65
43 51 42
80 111 17
46 74 10
1 91 18
22 76 14
10 65 84
54 111 82
3 97 35
31 71 20
76 102 29
46 65 46
41 93 92
6 11 77
1 40 17
52 84 22
0 61 58
29 101 71
74 88 60
75 77 15
76 111 7
59 75 61
19 39 17
3 23 21
44 72 79
5 105 28
6 23 20
22 81 68
8 88 16
35 62 49
11 64 84
71 90 47
38 84 68
33 41 47
35 84 97
41 74 57
62 72 24
11 114 92
10 96 45
1 34 4
34 40 17
27 99 80
34 54 1
44 74 28
12 50 24
6 32 2
9 118 9
41 72 60
38 42 9
88 104 86
77 79 22
41 67 46
39 92 62
7 28 69
22 103 88
19 87 2
7 82 98
53 109 76
4 57 11
15 74 48
7 16 11
76 96 97
14 36 17
9 65 100
52 81 4
8 101 9
33 101 73
2 29 88
101 106 77
55 87 47
55 85 8
21 75 2
51 64 92
53 101 34
30 78 86
1 62 88
82 98 34
1 13 47
107 119 47
6 57 26
57 114 59
58 64 32
30 115 24
19 119 2
33 62 65
109 119 35
47 104 69
2 26 63
31 93 40
4 119 100
19 66 21
33 90 97
14 61 53
1 111 54
39 117 52
31 115 31
60 67 42
2 40 85
18 94 79
24 106 43
48 49 85
32 77 58
16 88 51
54 75 49
57 69 98
30 103 42
38 48 72
64 103 35
33 76 23
0 58 91
33 51 98
9 94 36
25 108 4
32 79 36
45 81 91
96 112 20
49 97 93
72 85 68
24 44 48
3 86 27
70 78 29
9 57 81
17 96 62
13 110 37
52 119 27
45 88 23
89 116 60
41 44 96
76 94 27
6 31 42
29 54 68
17 18 53
85 119 31
47 62 77
13 79 75
82 94 15
49 66 87
32 103 17
27 112 100
2 94 59
22 94 38
5 80 28
49 112 77
44 54 30
24 72 58
38 93 79
90 109 3
56 111 10
25 38 33
83 119 69
51 115 2
75 106 13
25 92 3
45 55 93
84 99 56
104 113 33
2 105 53
30 117 92
43 66 58
23 37 5
46 52 49
47 119 88
63 69 85
53 113 3
17 54 50
1 93 77
69 93 19
24 109 76
15 80 38
9 93 57
30 35 90
11 33 14
27 79 11
42 53 82
29 83 9
10 112 81
19 107 55
39 62 65
64 99 33
56 112 96
77 111 18
31 101 100
23 109 70
40 88 80
62 78 33
4 98 94
24 39 92
67 95 49
54 119 83
62 70 63
63 99 92
23 42 85
24 93 32
19 117 95
71 112 17
7 92 28
38 99 67
8 44 35
59 103 13
94 98 25
95 119 31
36 114 70
63 64 22
50 78 73
23 83 30
53 66 96
67 118 32
65 93 49
65 71 100
103 118 37
24 113 80
83 87 55
58 83 58
34 56 76
9 87 25
17 30 60
42 106 47
18 93 19
27 74 34
38 74 57
37 55 81
28 92 88
47 105 25
16 27 27
79 113 81
20 37 18
37 109 99
15 43 26
2 74 23
72 106 21
34 43 25
53 85 45
3 50 18
93 112 76
54 79 52
69 111 10
20 30 26
100 110 5
13 55 74
100 104 81
10 83 81
10 82 7
6 13 80
34 75 89
72 111 71
12 105 5
102 111 91
6 29 46
29 63 38
1 15 84
12 59 64
101 119 95
94 117 91
16 43 36
3 28 23
97 103 44
69 76 82
84 92 8
72 116 78
39 47 12
65 99 1
78 98 61
63 114 39
94 109 85
58 70 49
70 110 7
47 90 51
20 51 20
6 71 12
12 92 50
18 106 93
13 69 8
52 102 97
30 73 4
91 105 17
19 70 70
10 89 50
85 95 79
18 98 92
69 107 55
47 77 32
59 99 33
8 105 3
68 118 63
3 115 29
20 50 28
63 104 59
36 104 40
85 104 81
98 111 38
54 101 71
2 13 95
73 110 75
53 100 95
88 95 28
87 93 57
21 68 72
42 83 2
38 88 56
35 116 39
42 98 81
42 100 75
26 99 37
2 37 72
23 71 11
0 34 20
55 90 42
1 95 43
64 78 95
47 97 59
5 70 47
59 71 94
56 84 56
65 67 51
80 105 84
20 69 13
79 85 53
39 89 99
69 113 61
40 53 9
33 66 16
13 89 20
81 115 45
3 40 93
51 101 71
102 114 9
20 111 93
7 29 63
37 47 32
37 95 21
7 74 9
96 117 3
12 23 56
98 107 15
32 102 10
103 111 1
14 56 37
31 64 80
62 98 94
6 26 89
86 102 35
67 115 97
44 117 30
73 100 61
0 62 49
84 118 86
22 109 50
27 94 58
38 96 10
9 79 48
53 62 46
107 115 80
19 82 71
73 97 29
111 119 97
51 58 46
37 83 98
35 110 79
9 61 51
33 68 45
48 77 13
3 24 58
5 59 56
48 109 5
42 74 34
7 60 61
3 51 17
36 55 12
19 118 52
13 41 61
8 20 51
42 80 83
13 14 84
11 55 62
60 65 40
80 101 16
24 86 85
85 109 34
41 114 71
95 96 17
36 119 57
0 110 40
43 100 27
83 104 17
98 117 12
27 72 86
3 95 63
28 85 92
28 73 42
47 58 16
62 80 89
14 46 45
18 55 48
90 116 21
19 35 58
73 104 92
12 43 78
36 105 22
65 119 31
26 72 83
13 84 100
12 37 30
110 113 15
33 112 35
39 106 47
12 61 99
87 100 19
9 103 1
44 105 52
13 17 87
35 111 59
5 44 71
20 117 43
16 75 14
38 102 73
3 8 38
60 79 14
17 110 3
43 59 77
47 50 68
36 54 25
23 64 35
51 117 47
9 18 90
3 53 44
57 84 28
16 42 37
16 119 89
29 115 44
8 77 84
41 75 70
27 100 17
45 106 78
11 36 77
6 47 71
57 68 31
42 105 6
6 66 55
21 92 17
61 68 20
54 107 82
86 87 9
35 61 53
7 42 81
10 44 53
36 116 12
85 112 65
16 72 73
27 98 54
4 14 52
97 108 52
70 90 46
37 74 64
11 37 5
36 67 83
15 69 11
23 50 24
73 107 89
0 44 7
26 50 82
31 91 34
50 116 27
86 97 48
45 107 17
50 114 36
65 114 94
17 58 86
5 102 25
66 82 80
76 95 66
22 47 92
8 35 91
76 100 66
41 48 70
5 7 23
24 47 44
13 38 80
39 100 80
10 105 31
88 101 55
93 114 40
71 89 53
0 102 23
9 44 13
59 67 29
29 92 85
108 109 43
13 60 78
72 109 61
36 60 83
6 68 51
10 95 17
94 102 35
43 65 15
69 80 70
56 119 100
56 116 98
30 81 8
56 113 10
24 103 47
11 29 42
87 94 85
35 118 36
81 119 27
9 40 54
19 20 74
91 108 4
16 100 17
51 75 22
18 24 90
9 42 94
10 75 92
64 80 5
42 113 89
30 52 49
54 69 48
107 117 84
65 85 84
8 12 47
70 104 28
3 9 6
80 109 94
41 112 97
31 37 45
28 94 99
4 102 45
37 104 77
31 85 63
54 109 72
19 69 54
31 47 87
72 78 55
7 51 25
73 108 23
53 67 20
72 104 94
2 6 14
3 114 3
65 113 81
20 36 68
17 73 86
40 51 32
11 21 88
49 58 63
101 116 99
13 93 27
23 68 74
18 107 71
31 99 82
77 78 80
27 102 50
3 55 89
52 85 99
44 50 53
11 54 74
14 17 18
42 116 78
1 43 82
27 111 33
72 79 27
24 101 35
65 115 45
28 114 82
35 79 35
106 113 41
61 116 9
43 103 90
9 111 88
68 79 55
67 73 6
0 36 66
58 62 50
46 78 44
21 35 27
58 105 60
33 80 25
19 81 8
40 67 14
41 73 29
73 91 74
10 45 35
38 80 94
44 102 63
31 34 43
9 84 26
45 56 91
4 35 35
112 118 79
1 76 48
39 41 92
23 28 44
2 119 30
59 98 84
30 41 9
53 105 100
43 93 67
36 73 50
56 77 92
9 119 38
15 58 55
15 78 100
10 78 68
106 108 51
13 82 43
56 103 4
79 106 97
95 108 10
3 66 96
55 103 10
0 15 99
35 99 76
88 102 93
19 30 26
35 105 9
66 113 68
12 114 58
8 34 43
0 115 20
23 87 12
16 86 27
76 105 57
19 23 58
4 47 35
42 60 3
9 54 47
20 95 83
31 55 89
49 88 75
28 51 71
12 68 66
37 66 26
5 112 85
4 60 16
102 112 48
12 38 55
69 83 20
5 30 27
20 42 10
2 52 1
52 61 18
70 119 93
59 76 63
2 88 29
2 110 1
78 80 88
50 67 19
6 113 3
71 83 40
99 103 53
68 109 17
25 110 11
25 104 83
99 105 80
61 91 27
42 63 19
51 62 47
22 100 27
57 101 51
73 77 86
78 100 93
51 68 33
21 71 60
39 73 55
19 98 11
52 92 21
81 95 24
84 85 40
20 39 58
40 99 52
79 109 24
35 51 4
48 59 77
0 64 43
56 57 100
33 100 83
96 109 98
22 107 49
21 55 32
117 118 76
10 28 4
36 83 74
9 27 21
23 82 78
21 97 57
51 57 73
31 60 23
24 29 88
61 79 30
2 86 41
12 29 24
29 40 63
2 44 12
15 48 66
29 53 31
58 76 19
78 113 23
9 59 29
63 80 67
49 56 56
96 116 14
47 68 8
16 95 16
3 80 58
28 71 24
69 104 53
12 119 5
22 64 58
31 56 33
46 95 35
47 89 29
67 108 54
48 110 56
15 109 22
24 28 85
20 91 66
28 48 86
2 106 8
69 112 96
105 111 55
20 34 97
26 44 58
61 103 36
38 47 77
42 78 65
3 17 85
19 48 51
41 84 11
38 56 2
77 96 49
37 40 90
24 116 79
85 118 22
53 117 72
20 113 29
28 41 70
19 46 11
50 100 95
77 82 18
67 92 77
9 89 68
86 96 100
74 119 66
3 110 63
49 118 50
0 10 46
3 71 77
4 106 85
77 91 95
1 94 33
25 64 86
20 105 54
17 60 29
40 50 36
26 73 69
59 69 35
24 84 36
37 113 21
74 77 40
104 112 8
11 119 61
13 40 48
11 65 95
38 65 74
10 25 34
71 94 24
38 83 18
37 106 27
12 25 33
41 98 57
50 99 40
73 94 66
23 31 8
92 117 14
39 71 31
29 114 47
59 96 23
9 17 66
11 25 59
27 28 81
30 101 61
59 107 60
41 69 94
90 104 76
36 76 21
35 95 40
22 24 72
5 11 60
25 85 69
53 92 7
46 112 70
67 101 56
64 66 8
0 89 47
40 111 33
44 68 26
68 94 80
10 14 10
2 76 43
84 109 58
28 45 65
39 99 17
24 57 98
51 55 100
48 107 61
71 88 61
51 114 26
89 111 25
93 95 15
36 75 10
2 28 76
74 86 76
17 111 54
40 55 33
76 87 23
79 91 10
82 83 6
25 96 54
18 20 69
59 116 26
37 64 92
72 89 96
13 94 7
17 90 46
79 116 56
6 80 76
55 114 24
39 48 48
40 43 60
85 89 23
34 100 98
7 93 37
10 85 59
22 63 24
12 53 17
25 117 96
7 85 48
77 104 63
10 32 83
25 115 37
62 87 40
31 72 1
70 74 5
13 78 52
33 52 28
22 68 53
6 108 82
13 114 38
86 98 65
25 106 81
83 85 43
3 34 51
43 109 24
13 43 99
61 95 34
2 21 80
94 104 97
12 54 1
83 95 72
45 74 86
38 46 44
35 69 72
41 42 30
29 79 90
13 107 72
14 35 15
46 89 79
24 88 46
21 91 42
5 91 6
2 72 79
20 88 50
6 104 60
94 105 55
33 78 20
8 57 82
97 110 33
45 101 46
1 8 96
47 48 72
80 89 20
13 37 8
81 110 92
3 45 94
59 77 24
49 54 90
79 107 79
1 107 83
7 94 16
91 102 5
27 78 74
72 118 62
102 116 13
9 62 91
14 64 57
25 66 55
1 21 77
2 80 47
22 45 92
82 110 92
27 85 59
51 108 2
14 42 51
24 73 21
93 110 79
4 112 12
84 93 60
56 94 23
34 79 46
34 39 52
67 98 63
17 81 16
43 89 60
98 108 94
48 70 88
55 65 73
74 111 74
0 106 25
20 48 16
63 83 34
47 83 61
33 116 73
21 57 14
98 116 34
86 101 78
21 59 8
55 97 12
54 115 21
14 112 26
16 69 27
20 79 66
53 54 28
44 98 43
33 95 73
18 53 99
46 103 44
37 59 50
42 111 57
14 20 62
83 107 90
50 83 8
30 98 78
1 81 99
9 72 48
37 89 59
17 26 58
74 97 86
38 78 41
48 90 22
37 110 85
3 46 27
47 56 14
32 49 75
110 115 100
8 97 4
4 69 99
19 95 48
11 105 56
58 111 2
41 81 24
80 98 48
46 85 25
22 95 90
16 39 55
91 106 79
3 22 10
22 67 9
54 76 1
45 86 78
35 67 98
8 100 58
40 54 23
28 102 31
44 107 70
81 102 65
1 75 97
65 91 72
1 11 67
6 27 3
14 108 65
80 117 67
12 93 92
19 41 18
19 109 1
73 80 51
39 76 31
12 106 83
30 70 68
73 74 12
0 90 69
66 102 13
29 98 91
9 82 82
0 87 82
42 107 2
65 88 75
36 74 48
0 54 11
13 117 41
86 90 91
77 116 58
81 90 58
30 80 70
18 105 50
58 115 25
39 66 54
35 68 33
25 26 78
0 104 90
99 102 60
53 96 14
33 86 69
14 30 90
15 39 11
18 111 52
83 105 35
16 67 91
47 110 71
42 90 3
0 16 71
69 87 66
6 83 96
12 64 22
22 57 8
5 115 93
44 56 72
66 90 79
26 102 38
77 112 34
8 98 11
96 104 86
50 75 79
89 99 49
40 85 45
82 113 52
60 66 33
19 111 12
61 85 90
13 70 71
83 102 60
54 74 21
35 86 28
69 72 57
5 41 11
5 110 24
9 50 23
39 102 55
60 99 47
80 92 46
24 102 80
44 85 83
56 117 22
9 112 18
2 113 97
20 45 45
2 57 10
58 71 23
22 85 73
12 41 35
92 100 60
57 98 78
13 75 20
58 88 22
7 109 1
52 93 61
42 77 33
15 55 44
27 59 79
37 56 21
78 97 62
26 42 20
3 25 87
6 44 95
8 94 26
87 91 87
71 101 84
85 94 65
29 45 67
91 93 91
8 68 45
22 73 10
5 33 42
32 106 8
1 89 61
36 61 15
6 65 97
72 110 56
28 59 88
58 117 27
32 105 58
25 82 4
16 114 17
10 98 1
92 97 45
79 102 33
8 66 31
56 96 54
13 109 23
77 94 78
26 81 54
34 101 93
59 83 44
1 39 54
113 119 92
4 37 20
32 52 16
7 68 47
84 119 69
63 85 71
60 84 3
38 73 51
22 114 72
83 90 91
64 110 12
34 73 89
41 91 36
64 107 77
20 87 73
41 59 44
39 56 63
50 109 36
20 78 85
36 108 42
8 109 67
0 117 1
25 74 7
11 22 11
27 43 60
9 29 88
84 105 63
12 14 76
53 58 46
110 116 91
36 38 81
83 86 58
90 93 81
23 108 80
11 57 92
60 71 52
60 108 31
49 78 82
64 87 50
84 89 61
44 52 64
7 111 31
43 108 21
18 57 73
1 27 65
54 70 65
11 68 78
15 28 83
55 118 93
16 107 80
11 101 19
30 45 78
17 32 31
61 106 87
24 54 61
67 68 35
24 78 41
26 74 4
25 65 62
47 109 50
50 64 59
116 117 24
59 100 68
14 114 97
57 108 29
45 91 100
5 87 64
36 90 99
63 109 25
21 82 77
31 43 79
12 63 2
0 11 7
0 75 91
66 93 4
100 115 94
10 47 100
46 67 87
1 79 23
70 111 25
4 87 28
49 119 15
67 82 4
100 106 100
105 113 98
107 116 9
8 80 97
17 49 66
48 115 64
9 35 62
91 116 62
85 117 24
4 117 69
16 48 62
52 76 38
60 70 83
21 80 89
28 87 68
31 61 19
93 105 17
110 119 48
115 119 74
91 104 41
28 44 78
61 87 66
31 54 96
68 96 97
61 108 32
75 94 58
70 87 78
12 99 89
75 82 46
11 18 14
44 110 2
53 65 22
48 66 90
37 119 65
26 104 23
56 75 86
81 114 23
80 107 41
0 30 65
1 14 38
29 84 67
53 91 50
93 103 95
8 119 23
9 41 83
51 59 68
20 57 38
11 47 36
0 14 52
21 74 13
15 99 57
0 112 25
52 89 31
4 59 30
64 67 63
30 87 95
60 83 61
34 68 54
31 114 94
49 105 72
7 18 15
16 65 34
51 113 69
55 112 54
29 94 83
8 40 5
11 73 30
1 6 78
10 118 94
48 79 33
19 94 74
3 29 7
16 46 3
87 114 78
81 85 25
108 111 74
28 84 66
106 119 77
38 114 15
11 42 49
78 119 13
7 39 81
16 34 28
88 98 33
57 116 88
107 110 97
108 118 38
8 46 96
6 21 68
91 95 88
91 92 68
34 42 83
24 104 16
22 33 37
9 116 95
85 103 79
31 87 12
14 40 59
9 70 47
16 17 24
41 78 45
48 64 11
74 117 6
15 62 27
19 77 86
32 95 78
101 114 69
48 69 84
49 111 41
78 88 43
32 116 3
23 65 80
62 89 7
65 94 35
25 116 62
29 43 90
0 33 3
28 35 63
18 82 85
71 119 27
36 107 28
48 96 82
26 41 50
29 77 75
52 58 94
66 76 75
35 57 78
57 92 45
87 97 28
43 44 56
27 48 75
37 98 95
32 80 55
101 112 1
72 88 38
31 51 57
9 53 23
16 56 48
23 60 22
82 100 18
18 25 58
9 100 44
45 102 58
71 100 31
51 78 7
13 58 12
39 60 33
39 93 6
20 104 1
57 85 81
55 98 11
2 33 36
61 112 76
45 98 25
97 98 98
18 42 13
31 46 51
47 52 80
34 76 41
45 49 26
8 76 5
42 115 50
70 77 65
37 38 61
23 77 69
74 102 57
19 45 65
88 105 12
0 48 27
7 49 98
68 71 77
34 98 30
22 40 56
59 90 44
16 97 75
66 91 44
32 33 20
52 109 45
40 93 95
68 84 100
7 96 5
36 45 1
97 111 58
22 30 26
75 109 36
17 112 21
102 119 66
53 115 21
50 55 97
12 47 41
26 52 98
101 117 27
29 99 4
78 81 30
10 111 89
34 80 69
50 113 47
77 84 100
9 20 20
78 109 88
32 111 72
1 50 20
17 53 45
55 119 36
5 39 49
105 118 100
92 98 46
6 111 49
43 84 22
20 86 75
4 9 47
70 82 81
35 71 99
51 73 48
5 118 45
42 71 33
42 52 51
38 94 37
29 33 62
63 90 99
67 83 2
54 56 74
64 97 95
9 46 92
21 39 53
58 66 72
13 15 72
6 46 85
3 98 38
86 95 60
17 24 77
59 86 6
46 72 93
11 69 75
32 72 12
69 86 80
12 66 58
87 107 50
17 97 10
26 114 39
8 49 31
16 106 100
92 107 68
9 66 43
50 51 25
42 51 9
71 99 77
77 83 87
29 50 2
8 85 66
30 61 56
50 63 4
27 58 44
25 103 2
35 114 88
26 34 70
64 79 29
14 84 16
70 88 73
89 114 55
0 59 5
25 37 26
23 93 12
7 24 10
64 88 19
24 71 95
43 81 48
7 89 73
44 62 96
84 116 40
12 13 42
37 96 84
44 94 52
76 83 91
3 10 42
63 105 73
6 78 89
83 84 22
25 43 69
51 70 24
115 117 28
70 76 33
50 82 89
66 92 62
69 118 6
61 62 49
38 113 51
40 104 69
2 61 54
11 45 75
23 105 91
45 80 74
11 93 80
29 73 66
32 117 53
8 15 60
13 92 76
54 92 85
40 41 51
55 80 49
47 99 58
73 119 73
37 65 40
15 57 12
45 75 52
88 97 68
1 105 74
99 119 33
22 28 82
82 93 21
56 89 28
37 94 47
96 105 6
34 49 63
4 15 78
40 44 80
57 91 97
39 83 23
10 20 53
52 57 42
47 74 48
34 106 91
46 86 54
75 111 15
48 116 72
21 70 40
82 84 66
17 72 43
4 111 20
16 71 53
27 36 84
17 85 76
42 56 36
29 51 100
25 109 93
22 71 72
3 107 20
26 91 35
65 102 57
42 102 77
38 108 26
82 86 41
1 44 23
66 68 64
72 93 48
44 112 96
35 83 41
14 95 89
76 104 80
15 18 65
39 57 65
37 107 19
21 51 31
49 57 17
2 58 36
22 99 85
1 61 44
94 101 58
45 100 41
41 109 44
33 109 69
1 74 46
80 87 4
13 32 81
13 96 60
40 115 71
67 80 24
49 115 70
65 82 73
52 77 14
38 59 17
47 101 12
78 96 63
32 47 9
28 60 80
41 70 31
57 100 42
30 109 82
5 75 85
28 61 3
76 108 67
8 114 32
5 47 92
43 76 12
79 94 59
38 109 60
5 42 23
83 109 48
86 111 85
81 118 36
22 79 43
73 85 79
52 118 97
56 106 97
37 81 100
6 45 51
0 20 3
53 79 49
28 57 11
41 100 79
4 66 64
34 112 84
96 100 58
5 57 42
29 52 98
53 81 54
48 114 25
22 51 19
64 114 21
17 109 38
8 14 34
17 84 81
40 103 63
49 62 19
5 79 22
63 82 91
23 33 22
0 108 98
30 72 39
22 42 93
3 64 91
47 116 87
27 116 59
25 58 12
54 87 55
1 24 46
19 108 52
17 87 80
32 98 94
73 101 63
9 83 51
12 24 83
28 56 70
5 20 58
78 103 11
6 90 76
14 72 32
7 81 29
21 22 17
29 46 33
36 43 98
9 95 87
31 88 83
47 80 56
9 105 80
11 98 4
13 118 52
55 79 22
90 96 47
20 40 58
75 87 35
42 103 85
52 66 35
10 60 5
41 104 56
83 113 90
3 74 60
63 86 14
13 16 25
34 85 86
61 118 68
74 95 82
20 46 79
8 107 10
29 47 73
10 92 48
80 115 40
21 60 31
36 101 8
73 88 58
85 90 94
69 92 66
21 43 53
58 92 77
5 73 43
54 73 40
17 86 35
42 58 57
39 112 52
31 112 45
26 90 35
18 78 99
25 111 9
5 18 5
49 61 75
21 87 3
66 106 67
34 94 68
0 91 12
19 80 2
41 71 46
67 78 8
14 92 41
47 81 38
83 93 95
87 95 36
15 88 20
15 94 100
48 94 15
58 78 33
1 117 31
43 48 80
35 52 49
93 99 89
44 53 5
40 59 20
33 98 39
48 58 19
15 45 38
38 116 36
5 58 56
11 70 54
9 73 85
85 116 98
17 118 80
21 41 69
59 62 70
67 84 22
7 104 33
15 90 26
41 103 30
45 50 11
67 117 97
115 116 17
64 83 2
111 114 84
80 97 86
30 62 60
72 101 80
68 111 95
19 31 84
36 118 81
2 19 68
53 93 95
77 101 4
38 44 67
0 18 80
21 112 77
1 49 75
36 37 94
60 89 54
46 54 93
84 104 34
53 104 40
33 83 23
49 116 78
44 99 77
54 95 85
55 59 64
44 76 57
92 104 60
56 104 36
68 80 42
69 81 45
47 87 85
48 111 2
9 96 79
79 99 66
44 91 4
107 111 66
12 67 56
2 108 19
14 18 41
26 53 65
11 59 43
1 57 70
52 111 75
5 24 73
43 107 77
33 114 75
26 35 28
0 49 55
38 86 35
5 19 89
1 102 43
61 82 15
11 75 97
4 29 15
49 85 93
3 100 40
29 31 78
42 82 54
33 97 28
5 93 77
12 76 72
43 86 61
60 63 69
95 113 96
29 67 31
26 76 68
10 11 12
20 116 95
7 26 88
92 108 54
21 25 77
51 107 60
9 30 49
59 113 38
11 81 71
44 67 91
57 102 12
41 99 37
95 104 15
84 87 51
41 119 9
20 27 6
84 107 66
5 17 20
4 33 99
61 80 10
83 89 77
43 88 4
17 91 73
30 111 59
32 58 22
44 101 67
20 32 92
72 82 48
2 91 53
57 112 75
69 78 66
69 71 31
10 110 96
4 61 18
24 85 76
49 92 2
22 116 63
27 73 71
59 70 29
62 100 16
60 94 87
8 53 30
21 24 12
31 110 56
56 68 4
39 46 89
84 106 35
34 46 14
25 45 65
4 118 43
52 73 18
17 22 26
12 28 41
8 38 44
55 78 43
23 70 22
45 58 61
76 107 69
65 79 28
88 115 93
39 49 5
16 55 40
20 85 65
52 117 25
61 113 99
82 108 53
20 63 93
3 87 46
69 108 26
17 31 93
17 92 2
48 50 89
44 103 90
16 62 19
68 69 36
26 77 79
15 21 78
5 26 12
93 102 96
19 33 69
95 114 68
34 104 87
79 114 21
4 78 42
0 31 97
45 60 64
65 74 8
1 113 51
7 76 30
31 76 25
60 115 59
32 51 75
25 101 77
27 40 90
17 38 45
5 51 45
38 92 64
86 93 88
56 105 8
103 112 36
45 78 18
110 117 1
84 95 7
5 113 85
37 62 31
8 31 20
21 62 8
109 114 14
85 106 87
14 70 5
49 68 53
3 14 96
11 90 80
0 24 24
0 63 78
7 98 48
2 8 97
16 21 85
0 83 52
33 45 81
52 67 91
15 23 54
11 23 36
23 85 64
13 105 11
18 76 68
91 117 5
102 113 89
31 94 44
19 57 41
15 110 99
29 110 85
21 49 95
57 65 52
40 64 75
71 108 20
78 104 92
18 44 27
28 76 54
8 21 25
44 119 44
49 52 21
34 38 35
33 118 50
55 104 44
21 99 6
8 61 82
16 74 78
59 109 27
5 98 95
0 119 28
81 113 94
84 115 80
53 114 88
10 40 48
80 99 22
89 115 77
85 111 66
77 108 18
51 61 77
65 76 56
18 110 60
5 56 10
60 105 16
26 49 5
92 105 63
96 110 24
78 106 20
98 118 64
82 91 89
103 109 48
6 15 78
4 97 38
80 108 89
9 48 82
93 104 63
20 83 58
61 70 74
14 15 93
14 94 89
18 46 15
19 78 78
22 104 58
5 72 31
87 99 29
25 105 49
1 92 75
6 81 57
3 56 23
72 94 38
15 116 20
0 65 73
24 46 37
46 77 66
73 114 88
40 102 93
26 84 42
33 50 35
16 94 8
37 82 76
31 80 28
20 108 8
96 98 31
0 67 89
30 93 43
5 106 59
14 41 75
31 83 6
14 96 11
9 60 24
20 103 52
64 92 71
22 50 53
21 86 97
14 113 20
4 7 3
6 50 15
19 51 54
97 118 6
57 73 52
35 88 40
45 64 8
18 63 70
93 109 80
1 51 100
38 55 100
56 87 10
36 66 100
0 12 13
93 113 70
48 62 79
42 97 2
69 91 48
63 84 97
39 77 54
5 86 35
17 99 58
74 94 94
76 79 51
2 68 47
43 61 31
79 83 21
16 98 64
40 100 39
43 98 9
48 117 45
18 104 7
36 111 71
62 84 91
25 30 53
39 40 5
13 57 46
24 26 59
25 107 37
46 96 17
34 61 43
19 106 38
15 40 88
59 119 23
13 19 55
64 68 34
17 100 84
28 54 10
30 65 67
35 70 93
24 69 9
7 105 17
34 109 13
82 92 67
13 104 83
4 16 86
33 69 44
1 22 98
8 74 33
20 21 77
48 101 79
47 78 90
67 93 16
33 43 37
27 108 5
46 106 95
56 110 5
60 97 11
33 55 9
69 102 99
41 43 53
54 99 47
27 65 29
0 19 69
2 109 35
9 101 81
44 84 29
49 102 32
60 91 81
10 86 55
39 97 84
7 45 33
10 72 58
5 53 55
22 77 53
4 94 21
25 59 79
78 84 100
46 117 39
26 106 70
32 76 35
0 51 64
4 95 63
40 58 99
109 112 98
71 113 86
5 43 96
63 87 3
58 97 81
18 33 10
89 117 43
110 111 72
17 105 30
9 102 71
19 88 44
55 108 26
59 60 62
10 39 70
48 57 68
49 93 2
35 87 54
51 102 39
78 114 98
28 43 29
3 19 73
27 76 50
10 26 78
1 56 46
51 93 12
5 8 49
47 85 99
38 98 93
26 45 7
11 50 61
78 94 58
75 102 44
19 101 99
96 107 19
63 95 91
25 60 78
19 29 63
51 76 41
28 63 57
14 57 50
3 103 53
47 53 67
64 109 18
30 39 4
36 86 40
62 79 93
18 58 56
14 119 28
5 13 1
41 57 58
36 57 82
79 90 71
30 55 76
20 33 72
31 59 99
11 16 8
65 110 6
36 100 53
6 95 65
31 69 79
20 52 44
1 2 4
10 119 48
1 5 84
93 116 51
8 89 27
30 85 89
79 93 75
28 79 78
26 32 15
19 58 99
6 58 78
3 79 82
6 116 4
42 89 32
57 74 59
10 58 95
15 97 69
27 44 5
11 110 9
57 110 25
94 111 91
80 81 93
32 92 60
61 105 53
23 36 70
74 85 30
52 115 19
0 37 79
19 25 24
72 112 34
52 75 37
90 111 27
53 108 45
8 67 6
56 107 12
31 113 44
0 13 32
20 66 75
4 49 60
8 95 76
16 60 59
49 59 79
61 100 33
37 41 10
52 97 15
7 9 24
0 94 20
40 77 96
88 90 80
52 108 49
74 109 40
30 68 53
54 104 1
19 105 18
6 54 27
34 83 79
0 82 92
47 61 72
23 110 84
35 49 41
76 112 46
43 102 71
77 115 94
22 52 34
29 35 80
44 86 94
58 87 99
81 104 25
14 75 39
52 82 89
28 34 7
75 97 48
54 108 68
15 82 34
8 10 88
10 108 39
27 103 58
48 51 2
5 88 91
91 109 66
36 103 12
2 101 65
31 89 20
49 60 22
65 95 2
48 118 23
23 75 14
16 68 59
63 78 19
96 97 74
57 96 34
64 112 14
51 53 64
75 114 67
73 102 66
33 75 69
78 93 68
47 102 80
2 73 72
7 86 53
97 104 57
84 103 44
35 38 44
23 38 45
1 88 37
18 87 11
67 69 22
18 29 40
38 95 67
31 68 32
89 100 60
80 118 90
35 103 19
88 118 92
23 113 43
64 69 47
17 45 67
45 47 5
3 90 42
31 107 29
84 102 32
70 75 18
12 46 64
24 118 49
71 77 69
26 75 8
13 68 47
24 65 24
77 95 59
12 58 90
21 76 1
17 115 63
26 97 87
6 17 51
11 82 76
74 90 89
105 110 89
14 81 15
63 115 100
52 56 63
61 72 82
43 71 66
87 113 48
13 27 49
60 72 49
47 73 4
38 58 31
39 68 5
10 62 58
5 84 26
35 55 29
61 83 22
33 89 29
38 77 57
42 65 98
12 85 74
33 73 98
32 104 5
31 53 72
4 79 65
64 118 2
18 68 20
1 119 32
15 19 76
19 99 9
44 95 7
33 106 13
72 108 5
27 87 94
35 107 44
20 26 92
35 53 26
41 83 100
18 34 71
23 25 42
0 68 40
8 104 48
39 45 37
86 92 15
18 99 3
28 46 97
89 90 17
73 84 32
54 59 79
60 69 82
1 7 69
45 103 54
86 104 27
85 100 12
18 48 36
10 73 74
19 43 39
71 86 38
38 69 75
43 64 20
24 89 81
92 96 4
72 86 18
22 44 44
108 113 80
21 46 85
29 76 80
6 70 48
2 66 48
59 106 65
79 101 30
19 67 87
7 47 87
33 53 14
61 98 16
21 37 39
19 103 42
6 118 99
24 79 64
17 52 40
23 46 77
86 103 17
19 42 99
18 45 36
75 81 75
62 97 6
34 111 55
3 85 34
101 110 15
46 69 32
12 36 2
3 57 92
80 114 95
67 103 87
48 91 62
71 106 10
30 46 44
2 95 93
68 98 4
25 72 83
69 90 56
6 42 17
4 5 18
6 55 94
38 87 26
37 53 24
47 88 46
55 67 39
103 104 11
101 105 4
0 2 59
70 71 1
10 117 10
79 96 13
66 114 20
61 117 70
91 119 24
26 68 96
28 68 82
63 71 90
18 90 39
92 113 57
62 96 41
18 22 44
24 50 67
67 86 70
59 66 89
21 47 73
42 118 35
32 40 22
53 83 5
31 74 9
13 102 55
14 88 36
2 59 92
16 28 45
15 53 52
109 110 63
42 85 85
84 117 97
40 46 43
4 32 58
60 81 61
65 87 15
35 76 53
49 86 72
8 55 94
39 70 9
57 86 95
65 107 66
23 44 92
78 116 84
4 115 26
58 86 35
47 76 77
75 110 74
32 108 51
23 61 69
53 94 96
4 19 11
42 110 77
45 85 94
26 70 68
22 53 43
13 87 6
5 71 63
43 87 87
21 117 18
63 81 69
37 84 23
17 78 28
15 54 1
13 88 43
64 102 20
28 111 9
37 42 20
18 117 84
48 73 5
11 13 86
5 55 43
67 72 67
74 114 69
18 101 63
68 89 60
31 100 61
16 29 98
38 41 90
25 114 74
57 72 57
57 71 85
6 75 95
6 56 75
52 62 53
1 25 70
107 118 75
29 69 35
28 98 55
19 64 1
32 107 68
76 119 64
29 68 11
40 70 32
18 109 90
10 91 2
46 58 60
42 70 87
42 87 35
18 43 22
67 100 27
28 81 38
38 64 86
39 86 72
89 112 47
38 112 33
103 105 82
68 105 94
37 57 92
1 37 96
6 43 76
11 106 88
46 111 27
30 47 96
29 60 93
7 67 85
20 115 84
27 63 9
6 20 22
52 68 72
34 74 26
8 37 97
96 99 33
14 76 22
85 86 16
44 114 34
66 116 99
76 78 11
35 104 6
36 51 19
41 58 95
28 66 10
28 109 95
4 6 17
46 71 14
2 3 77
19 68 46
77 117 68
11 35 49
0 26 29
86 108 19
22 35 61
10 43 59
36 97 92
24 32 96
47 111 60
88 100 3
8 70 28
26 29 43
33 104 84
31 118 61
79 84 71
21 64 57
91 115 23
19 76 13
99 109 37
0 107 17
28 37 7
43 56 70
83 91 93
90 91 61
12 94 72
57 70 47
31 78 26
11 17 65
92 99 45
58 72 77
34 119 80
14 106 70
22 32 37
31 70 68
3 13 34
41 64 94
46 62 44
85 92 9
39 87 100
47 92 61
29 55 86
82 96 59
48 83 47
84 110 58
37 108 21
10 37 54
14 26 42
2 111 63
25 84 75
73 93 45
4 25 29
18 92 99
25 57 86
60 103 28
28 100 97
45 97 86
37 48 20
61 114 16
57 95 78
22 65 39
53 82 39
27 50 39
79 103 30
12 15 68
30 54 66
40 57 86
74 79 31
5 35 46
16 31 14
41 46 70
44 70 22
74 96 25
76 92 1
32 59 56
54 91 30
47 57 71
11 60 100
9 115 78
5 68 2
28 112 44
52 106 86
106 110 86
65 118 55
89 95 65
103 107 52
2 53 82
12 45 31
90 106 68
31 45 2
1 63 91
4 56 73
26 51 43
36 84 67
32 68 21
76 80 80
12 112 15
27 83 92
37 101 47
56 101 64
53 60 92
62 64 1
21 85 85
2 92 96
72 117 62
5 31 53
19 60 1
41 68 60
63 72 33
60 73 13
61 119 51
25 46 61
28 74 96
8 91 66
26 46 8
51 99 8
83 114 37
12 48 68
86 100 72
42 119 92
77 99 98
101 104 35
4 46 94
65 78 54
7 37 3
76 97 75
24 68 91
24 90 48
34 53 66
48 54 65
43 80 76
81 106 50
47 98 97
33 93 86
26 80 45
8 111 82
1 112 89
2 46 21
27 45 95
3 7 47
106 111 7
70 109 77
82 118 81
28 58 70
31 103 99
102 105 14
60 88 46
26 87 86
41 63 76
19 55 83
13 31 97
14 37 39
81 108 38
2 69 50
1 86 44
100 112 90
50 115 30
53 95 65
7 21 18
86 112 100
5 111 37
58 94 66
29 32 7
18 89 48
47 117 93
75 86 6
77 86 30
12 110 16
59 65 3
21 79 33
56 98 85
28 88 1
41 115 20
49 55 7
2 75 32
51 95 88
52 86 15
58 69 31
51 86 69
45 113 41
98 100 74
103 114 81
95 117 24
26 110 33
7 34 56
14 118 84
89 107 34
25 39 62
64 117 92
26 39 23
53 119 23
52 116 94
70 98 11
5 10 62
21 58 85
17 40 42
9 49 2
22 61 41
69 73 67
44 61 65
81 92 26
28 32 97
39 69 62
40 82 27
44 116 54
17 25 18
34 110 14
31 49 4
44 82 85
68 101 77
14 22 41
23 40 73
46 80 7
74 99 30
48 78 91
94 110 56
68 108 30
0 46 93
4 10 10
43 60 15
52 71 15
6 62 55
24 67 85
72 102 53
41 94 24
39 42 38
68 75 61
23 52 34
32 42 75
14 62 66
55 62 19
79 104 7
34 97 9
65 103 56
10 49 5
50 92 76
16 33 81
52 59 71
47 95 27
2 50 61
53 106 39
2 23 77
29 93 95
14 54 67
29 116 38
45 99 36
55 109 100
50 88 56
109 118 77
51 116 90
42 46 68
60 80 41
9 11 23
14 111 42
51 79 60
43 63 92
47 79 78
13 74 59
105 114 40
2 34 50
18 70 11
13 65 20
95 115 7
3 96 2
34 77 53
62 95 81
54 62 84
38 72 92
28 36 12
17 77 2
62 93 83
48 95 65
15 16 20
7 84 82
69 106 97
0 86 10
70 79 63
29 105 65
27 82 86
31 57 98
38 51 89
59 118 99
1 30 88
22 86 64
2 70 68
5 107 96
71 104 9
6 84 59
66 111 9
1 55 15
5 62 63
19 79 91
35 42 51
9 110 7
60 75 45
17 116 16
68 81 6
89 109 54
32 112 62
26 85 65
44 51 80
14 79 70
2 20 19
2 38 22
58 82 57
84 113 57
100 101 99
45 71 84
18 91 1
8 62 63
33 34 73
21 61 14
82 85 92
76 84 94
39 84 6
62 90 42
67 119 14
25 51 98
66 78 28
15 87 63
35 45 40
83 108 54
36 47 52
102 115 40
0 27 12
38 89 62
32 118 42
28 38 89
85 91 31
76 77 42
73 106 44
1 66 23
68 112 57
23 66 51
62 67 67
6 105 34
16 32 41
73 117 79
36 53 93
7 63 78
62 69 54
33 59 16
21 94 29
1 104 44
10 94 87
55 66 6
94 112 47
22 119 17
38 61 86
43 62 69
14 51 91
51 74 44
27 57 88
43 91 84
13 20 70
69 105 69
61 65 100
2 43 77
53 64 38
71 80 36
46 76 37
25 118 61
7 83 1
24 41 54
17 56 34
22 117 53
3 106 25
40 84 50
18 83 71
92 111 5
20 89 51
12 104 68
55 60 87
45 48 39
36 87 7
42 81 38
55 70 86
88 107 47
17 37 55
41 66 69
65 83 31
23 96 72
17 102 50
2 85 66
45 62 71
34 88 96
45 117 100
6 100 92
3 73 76
21 115 69
2 112 74
12 103 49
64 72 89
94 116 27
48 84 77
4 41 72
67 79 92
39 52 68
77 89 36
0 47 4
82 107 80
65 73 34
12 89 25
71 114 80
74 103 18
10 30 90
10 59 43
3 89 74
19 110 51
19 113 13
14 116 58
55 105 22
23 100 39
27 88 99
2 114 10
71 111 54
25 29 74
25 68 99
51 110 34
7 56 3
0 74 12
11 77 43
1 38 81
86 106 29
23 97 37
16 85 18
0 1 76
54 77 72
110 112 47
19 44 9
21 96 78
57 78 48
16 22 53
43 77 45
14 101 91
11 116 30
58 84 7
30 114 17
66 79 98
98 105 67
59 84 8
63 118 77
114 116 73
59 92 8
62 114 85
6 63 75
40 109 98
71 74 71
27 34 64
32 78 69
20 41 24
1 85 80
8 81 42
24 42 26
4 64 92
61 104 35
17 119 48
59 105 33
9 97 4
71 78 48
68 97 80
3 12 56
73 118 72
30 76 18
28 42 13
12 79 82
6 35 41
6 40 6
17 19 97
24 95 68
27 95 54
23 112 71
90 115 94
17 27 66
102 110 11
87 101 12
52 74 47
39 50 43
9 98 93
45 105 33
1 52 38
66 109 41
58 89 43
4 110 90
15 98 26
32 63 62
39 101 68
19 83 62
79 92 56
37 71 74
29 80 27
19 36 35
67 104 22
25 98 82
60 96 45
32 94 24
9 71 70
49 82 74
109 115 43
49 90 8
79 110 48
17 66 9
89 91 21
3 117 75
87 104 2
38 52 86
37 60 24
67 105 27
85 96 60
16 47 21
80 90 61
46 94 57
3 33 42
17 55 57
16 116 88
54 80 50
4 85 28
74 106 28
2 102 75
59 102 48
32 67 30
43 111 75
22 23 85
59 87 16
79 118 76
50 61 13
2 15 52
15 30 41
23 74 61
45 77 82
100 116 82
105 107 51
102 103 63
32 90 17
65 101 75
1 29 68
114 115 12
98 114 17
23 76 95
93 107 89
25 61 29
18 35 94
68 87 64
95 109 95
10 21 45
13 116 69
0 66 10
73 98 47
90 98 43
18 52 76
108 110 79
7 54 90
10 15 12
26 96 32
35 96 72
62 111 13
27 35 23
31 66 4
99 108 75
89 104 64
95 110 94
44 97 52
67 116 76
56 81 29
78 117 39
14 32 44
90 94 47
64 96 35
62 106 11
24 107 60
16 78 83
66 95 46
88 89 3
79 87 100
60 119 85
30 92 1
55 99 77
50 76 86
13 111 63
33 46 81
37 80 83
43 96 59
54 84 8
1 65 41
24 31 15
57 79 71
20 64 79
20 101 41
11 76 58
68 86 61
7 65 74
61 111 73
25 71 11
3 94 30
41 87 79
51 105 70
48 75 32
4 13 97
43 55 57
33 110 46
51 103 72
5 12 61
21 50 42
13 97 55
42 49 3
6 33 14
44 81 22
28 33 17
34 105 97
33 35 38
28 113 12
2 47 13
59 68 13
15 65 47
57 113 14
31 44 78
51 87 7
30 37 4
40 96 30
0 43 4
19 73 63
42 66 100
64 70 50
46 79 11
48 92 57
43 94 42
58 79 70
1 58 7
29 87 76
12 100 89
17 34 18
39 58 46
69 94 68
63 76 91
10 90 31
26 88 85
10 23 53
49 73 42
11 12 59
29 111 47
30 86 25
61 77 9
4 100 31
50 103 24
81 111 82
68 110 8
78 108 95
59 115 15
13 51 88
87 118 65
53 97 18
23 62 19
35 115 55
32 36 83
49 106 14
42 45 5
21 48 63
41 49 96
59 104 79
11 49 68
58 119 25
55 72 57
9 86 57
1 109 80
18 108 29
62 88 7
112 113 87
1 3 17
20 60 38
49 64 37
42 117 66
3 47 24
4 51 95
101 115 70
64 115 47
67 102 91
34 45 97
79 100 78
16 37 42
7 46 39
5 83 71
14 105 61
74 78 4
95 112 13
18 37 56
18 84 79
11 52 34
14 74 22
8 71 56
32 62 89
71 92 99
61 89 66
9 109 41
50 87 63
15 118 80
46 107 66
25 112 15
51 82 9
4 11 94
64 71 50
53 99 44
42 48 18
71 73 47
36 99 89
23 30 18
40 107 64
10 70 66
1 12 62
36 49 36
33 56 38
44 92 59
75 105 86
0 70 22
65 81 79
15 63 86
45 46 22
24 94 30
79 105 9
25 83 4
34 84 15
47 96 22
13 73 8
57 90 92
59 110 30
45 70 57
45 93 67
9 24 20
32 84 21
30 59 22
57 118 82
17 65 40
12 22 63
46 110 83
66 84 100
69 115 26
75 104 66
43 57 41
27 56 54
91 118 82
88 113 66
9 22 90
5 23 15
10 74 24
9 28 48
52 105 69
33 61 20
2 51 97
22 38 69
13 50 56
4 24 80
37 68 93
63 111 92
37 39 18
23 81 56
1 115 49
15 114 12
14 25 69
82 109 61
68 117 18
15 96 42
26 93 19
10 84 77
74 116 62
7 22 15
59 78 87
33 88 85
37 58 3
91 110 28
7 114 33
97 99 67
27 49 44
95 103 73
40 89 18
66 118 29
73 90 37
109 117 12
65 108 13
14 91 66
16 20 4
109 113 77
37 72 16
17 106 55
58 95 21
66 86 68
85 99 40
17 63 19
9 37 77
8 22 11
8 87 79
16 51 61
63 93 14
24 61 74
7 11 48
48 88 77
5 66 2
55 107 38
31 97 28
14 33 12
22 97 27
27 81 41
23 73 4
25 41 26
33 84 43
14 38 56
2 24 77
42 112 49
46 59 64
1 17 94
62 81 13
2 48 22
63 117 40
5 65 39
47 54 57
6 41 92
23 103 36
24 52 52
51 60 89
21 93 34
2 16 38
93 106 75
41 52 100
63 119 57
18 61 30
28 40 18
26 112 99
40 119 49
74 76 9
108 119 28
63 96 27
50 69 85
48 53 94
41 102 2
15 103 93
66 96 44
46 60 64
104 109 90
82 102 61
32 64 70
26 83 2
13 34 86
46 104 98
26 116 33
65 112 90
41 65 47
51 81 70
26 60 81
37 97 66
13 99 98
94 100 78
70 114 53
18 71 17
102 118 55
61 96 72
62 102 90
70 89 59
23 57 70
15 61 52
12 95 21
36 48 21
84 112 36
49 72 59
81 97 66
58 75 14
37 61 85
49 69 55
48 82 50
84 108 16
5 99 38
93 97 31
9 55 74
58 107 49
10 93 62
50 110 7
40 106 69
104 106 20
47 100 57
23 102 76
42 59 9
75 85 87
26 107 8
11 32 32
1 78 37
54 71 88
27 55 73
34 108 19
14 16 65
47 115 68
37 93 75
10 33 18
94 96 68
62 101 22
21 102 71
33 48 3
36 89 66
68 119 29
42 104 43
6 119 35
95 99 80
43 58 64
5 108 83
10 31 45
48 103 40
36 95 29
84 114 80
30 95 71
30 36 71
34 70 56
3 70 48
62 73 4
52 63 36
111 117 33
80 85 24
22 66 17
25 100 50
41 97 51
16 80 82
14 102 67
6 36 93
34 66 41
15 84 74
101 113 1
35 39 59
55 113 70
13 33 60
38 71 48
58 108 78
21 33 24
3 26 1
63 101 50
55 96 62
9 90 90
11 63 72
6 101 91
13 85 12
0 25 81
6 91 40
10 13 78
13 81 96
64 84 19
89 92 27
16 92 5
34 58 57
33 70 92
73 78 72
22 56 72
35 113 73
18 47 40
9 114 71
108 115 43
10 51 62
15 117 68
6 109 12
11 94 50
14 53 12
15 25 12
35 81 90
18 49 97
3 99 99
42 54 48
0 9 84
2 42 22
27 105 76
34 48 92
28 70 31
62 116 85
31 105 93
71 96 97
22 98 14
24 98 18
63 66 11
32 37 64
96 102 65
97 116 54
3 111 8
0 101 61
56 63 32
24 55 40
27 32 92
33 91 60
27 84 78
72 107 13
49 50 80
73 79 57
10 81 50
75 78 65
13 26 80
44 49 33
67 87 47
12 88 93
18 66 19
72 87 27
89 103 83
40 52 16
46 75 91
10 115 52
0 98 6
81 86 15
20 112 45
50 70 67
0 53 33
26 82 70
32 54 98
32 114 95
14 85 91
16 79 84
50 117 44
49 98 22
0 56 25
15 56 14
48 100 98
7 57 66
3 81 25
16 73 56
10 29 26
63 70 45
64 116 55
30 63 22
1 60 84
56 59 10
63 67 5
69 96 89
54 61 85
7 62 88
111 118 46
67 89 41
50 111 82
0 76 28
