9632 140
65 95 59
26 58 77
45 76 17
12 65 38
40 87 21
51 118 73
8 42 96
84 120 31
91 122 37
18 52 70
40 81 99
78 103 83
46 108 82
64 84 37
10 20 93
30 78 71
80 93 86
86 87 58
39 117 56
5 36 6
63 82 28
4 19 19
122 123 70
80 92 93
53 75 100
16 93 100
12 86 79
7 21 67
72 126 2
61 135 7
16 108 35
79 123 2
39 108 81
59 91 3
10 49 21
29 51 68
18 118 77
12 104 77
38 136 30
72 93 64
14 54 93
60 85 32
96 115 58
42 117 87
13 19 3
22 120 17
51 83 88
23 68 11
7 67 77
0 46 9
112 131 84
12 43 93
39 139 46
24 66 16
6 48 84
103 120 95
2 99 38
16 112 10
63 137 53
49 91 38
46 60 60
57 82 72
18 41 30
15 133 46
16 64 24
109 123 57
97 127 10
0 85 22
8 124 70
25 76 77
8 99 8
8 79 16
120 139 70
45 77 96
31 44 70
29 66 20
1 102 67
90 127 34
80 106 7
50 89 62
4 10 58
75 91 88
92 102 19
64 131 14
4 71 81
5 49 64
9 78 44
92 135 37
20 81 34
18 60 18
36 109 16
31 42 68
70 79 68
110 121 80
61 102 23
118 131 5
90 110 26
41 57 63
42 131 57
29 105 75
61 130 2
95 117 61
7 118 20
50 68 64
12 112 52
10 16 78
66 71 68
4 59 60
70 123 13
26 83 58
62 63 98
52 118 99
69 112 13
114 137 64
64 118 54
102 109 82
117 129 45
4 42 55
21 70 53
78 123 36
114 130 18
98 138 80
39 133 22
52 133 76
45 106 28
122 130 2
19 84 13
87 99 25
50 108 36
30 69 75
23 37 93
24 75 6
93 99 8
55 82 98
2 44 55
32 120 62
44 106 85
98 112 99
124 130 44
43 102 61
31 130 28
88 134 77
0 108 39
106 138 36
17 45 57
38 108 71
40 115 83
89 118 77
60 123 7
3 82 62
123 126 49
132 138 68
6 135 21
49 72 92
119 125 34
25 74 83
24 29 55
3 65 68
12 130 2
1 104 21
95 134 58
75 84 33
113 123 66
55 116 36
20 86 88
43 129 7
47 124 17
18 51 80
92 103 67
2 46 33
6 127 28
19 38 92
54 137 39
40 50 86
60 97 24
3 67 8
26 98 8
48 92 82
13 99 95
20 108 92
11 38 25
101 124 23
63 87 33
1 19 57
45 107 68
50 120 52
38 53 43
28 116 77
9 133 43
28 65 80
0 8 47
2 134 60
40 62 67
7 89 8
31 88 73
52 54 27
44 137 82
23 31 22
89 109 76
12 67 78
44 90 73
39 68 23
25 62 17
0 40 32
42 138 46
40 45 32
15 34 29
44 93 38
39 135 76
2 62 17
31 66 75
115 128 81
39 128 97
97 135 90
33 72 12
75 113 85
13 20 14
50 67 4
51 81 95
65 76 17
71 111 65
20 136 4
14 120 27
96 138 56
55 93 60
97 98 7
3 74 94
94 134 7
23 74 89
79 105 50
77 131 1
66 122 59
44 127 24
55 79 67
22 106 72
76 104 15
87 89 57
69 80 36
39 74 43
83 116 82
3 105 17
55 126 90
38 55 68
61 137 61
52 91 32
32 128 89
45 131 77
78 86 75
49 94 7
36 93 4
89 106 65
16 19 26
8 114 65
12 45 80
63 91 22
17 63 26
107 139 16
105 117 57
39 52 36
16 36 95
19 92 5
52 90 51
39 48 67
39 92 65
83 113 90
1 106 30
39 127 5
100 126 95
47 104 37
39 55 14
9 69 2
55 63 21
67 115 38
81 90 82
10 100 23
79 85 37
20 53 86
78 83 67
38 139 9
70 74 46
34 76 2
18 55 26
71 102 59
20 30 38
8 57 78
58 100 70
40 91 47
47 137 39
25 81 30
85 118 67
56 121 47
27 120 35
42 103 16
131 133 13
21 114 57
28 61 18
76 127 41
32 115 77
50 85 78
5 38 17
27 106 98
83 98 67
26 123 53
109 134 60
1 34 41
10 88 41
101 108 21
60 72 43
29 109 93
40 99 38
75 130 67
40 51 60
41 78 3
10 55 42
14 69 66
100 135 82
98 105 71
20 52 56
121 123 81
85 90 59
6 112 80
4 57 69
43 93 28
7 115 4
4 88 16
90 97 12
11 84 8
105 114 11
5 54 37
81 125 78
6 94 60
8 54 54
48 69 10
16 135 54
23 75 13
51 53 46
32 122 12
11 18 48
59 94 11
21 79 75
52 73 98
77 81 80
52 75 84
116 123 54
9 108 26
8 132 80
3 111 29
77 78 44
61 65 5
37 109 79
64 66 30
61 138 27
12 98 77
15 79 46
71 127 70
100 104 14
68 96 85
86 123 67
45 129 70
103 128 70
58 60 23
60 135 20
24 38 2
50 81 64
23 131 14
44 91 66
33 38 100
9 63 81
11 66 40
65 92 7
83 87 86
7 55 9
36 83 86
17 36 68
38 138 79
0 69 37
86 99 31
53 82 16
99 112 17
43 124 99
70 132 70
40 43 34
6 139 71
44 138 14
113 119 68
81 101 94
41 135 93
83 118 47
12 125 29
40 134 37
0 125 45
45 102 4
3 89 62
37 87 51
50 92 70
0 136 1
91 114 86
93 120 62
36 70 64
51 109 29
59 126 62
19 106 57
5 76 85
11 101 65
12 116 20
76 107 78
36 129 59
62 135 71
59 103 67
88 119 97
99 122 54
46 67 72
47 138 92
12 68 91
61 101 32
14 59 79
111 139 72
0 122 57
33 44 100
17 122 10
4 94 51
101 131 70
16 21 17
76 83 36
48 62 77
39 73 89
20 54 93
12 133 30
8 14 87
12 25 70
63 65 75
60 137 59
49 105 1
27 103 16
66 90 33
6 57 34
54 104 49
63 128 28
48 123 77
23 27 46
34 104 99
45 54 70
76 96 42
53 106 87
2 139 47
94 107 90
45 98 61
36 105 19
57 107 8
24 55 15
31 39 14
53 125 8
56 73 84
13 34 42
24 33 25
100 128 24
23 129 87
89 97 39
0 124 85
7 17 40
29 32 28
15 97 23
33 48 21
30 60 1
29 130 67
35 136 48
22 87 17
9 130 4
68 69 99
13 135 12
14 80 83
9 27 37
3 42 16
7 16 1
60 73 100
17 139 77
4 102 50
99 135 82
62 134 86
94 137 66
91 132 30
66 73 70
26 49 61
40 139 1
13 49 9
11 20 10
24 80 70
69 109 73
19 26 74
38 137 92
105 124 59
66 75 4
39 78 90
47 93 93
14 96 20
9 62 19
57 129 52
4 80 89
60 84 76
124 138 64
35 105 95
106 118 49
20 38 52
80 108 54
9 48 99
47 129 95
62 67 28
2 13 42
67 121 71
18 62 97
20 85 35
74 108 10
55 111 90
2 116 25
3 43 97
35 127 90
56 119 95
34 85 77
5 57 4
19 98 71
77 80 62
46 100 83
7 48 56
13 113 27
11 89 76
0 101 86
83 108 89
3 122 53
81 94 3
64 117 95
7 77 83
95 132 87
37 83 73
88 89 73
64 77 97
20 87 98
77 121 72
82 138 55
63 69 72
34 97 87
122 129 59
56 136 57
50 84 61
96 124 46
26 87 30
78 82 60
73 97 68
96 113 94
67 124 38
16 18 49
15 137 14
101 126 87
37 90 29
50 79 97
98 125 59
80 81 52
16 24 47
35 61 71
27 118 2
74 119 37
54 74 65
0 67 13
50 78 5
36 61 37
46 74 65
26 107 25
41 51 87
50 87 7
87 91 43
38 113 30
21 115 69
72 81 75
9 64 6
3 29 20
113 129 83
39 89 81
93 139 88
4 132 33
89 123 91
102 137 21
61 83 5
11 34 29
95 122 10
4 105 75
9 50 65
25 56 58
17 24 58
43 116 48
17 135 86
52 94 46
94 136 35
62 137 44
123 133 62
11 41 3
38 92 80
19 53 54
73 112 25
5 131 66
62 124 59
18 28 71
24 68 33
39 59 3
39 54 65
42 72 77
90 113 36
7 101 78
123 135 94
22 129 88
99 131 85
14 66 28
60 98 75
12 46 62
15 36 13
21 77 10
109 133 39
3 110 93
104 136 33
73 122 7
31 56 11
68 70 39
42 112 93
64 113 58
45 126 36
21 92 52
60 105 96
36 85 40
33 131 10
65 126 55
39 47 54
37 58 71
26 57 20
73 127 21
52 83 57
41 132 66
107 122 69
106 125 85
19 37 60
44 130 46
20 80 29
13 45 44
22 113 53
7 105 66
23 112 95
57 88 30
10 112 16
29 52 15
89 91 52
81 124 74
58 85 68
22 109 93
108 139 8
81 97 28
23 35 42
11 46 53
60 91 61
72 121 98
12 58 43
42 71 76
23 86 22
75 100 34
34 133 27
124 134 21
37 96 70
8 76 12
13 133 43
5 29 37
37 134 67
29 133 11
43 114 92
1 137 80
8 36 67
83 134 4
65 85 20
112 114 37
15 53 55
14 136 94
80 134 80
18 24 38
34 37 96
44 122 40
28 88 25
61 96 92
12 109 81
20 24 38
51 124 14
7 68 38
25 33 37
83 88 99
2 16 46
59 120 63
52 55 95
6 73 29
46 124 65
19 21 67
61 76 16
38 69 57
51 121 50
82 102 84
97 106 62
40 110 21
28 41 62
37 54 95
33 76 32
28 105 51
94 138 59
89 116 69
20 135 25
18 97 60
98 114 5
26 117 68
17 80 78
25 70 26
60 86 54
36 63 47
117 139 75
41 104 52
69 78 44
25 35 6
28 35 42
43 139 18
20 119 59
10 21 42
84 107 40
3 18 47
34 120 53
15 115 6
15 91 35
32 71 85
78 99 71
106 126 22
13 91 24
29 40 79
15 52 89
74 116 44
8 38 52
37 52 80
126 128 23
56 109 79
30 72 47
125 126 78
14 40 92
109 113 46
9 41 4
27 112 26
51 96 60
11 72 62
9 138 92
58 136 97
17 117 57
34 108 31
50 111 55
11 128 1
81 103 50
67 73 52
15 104 21
1 109 7
115 117 17
20 124 66
25 67 27
42 81 10
111 137 3
54 101 11
35 107 3
88 138 12
70 121 29
29 31 40
9 38 76
60 75 44
82 129 40
26 52 94
13 25 7
28 93 92
21 117 66
6 120 55
60 127 8
62 98 92
22 78 37
0 42 76
85 107 80
41 138 2
11 99 79
49 66 66
66 135 42
1 46 69
95 102 39
39 104 49
98 116 8
5 130 48
27 62 17
36 57 22
60 118 35
23 28 53
67 103 31
39 60 72
110 120 87
83 112 47
59 116 18
65 86 55
69 103 83
40 129 25
6 32 35
20 65 12
12 21 23
77 119 8
28 48 76
21 107 39
15 106 44
13 120 10
102 119 50
71 130 17
19 99 40
11 126 51
58 133 92
13 32 93
15 64 52
46 83 78
49 78 72
52 112 68
5 63 58
87 127 8
87 113 50
21 62 13
23 48 83
71 136 41
73 83 64
75 99 95
113 130 59
88 95 83
105 112 45
8 116 63
72 85 81
50 130 31
0 7 98
53 114 48
13 67 26
93 113 6
55 135 70
65 123 100
121 125 31
77 86 83
36 84 46
28 134 6
29 138 38
89 132 34
28 29 67
36 74 45
32 119 96
19 109 7
30 99 3
79 115 29
1 11 14
12 30 19
25 31 28
92 97 52
0 105 100
18 131 80
70 76 13
87 119 56
3 38 76
98 130 54
29 60 95
67 81 18
85 98 66
23 38 67
34 40 20
77 114 39
8 55 70
48 107 35
10 28 48
5 26 94
9 54 24
16 91 14
111 117 41
39 118 67
11 12 75
16 105 40
4 26 18
70 77 11
54 83 42
5 22 66
49 133 98
62 86 55
6 87 12
0 54 26
48 95 44
94 112 56
9 91 68
55 90 80
49 84 2
110 115 51
107 125 29
39 72 26
4 81 6
69 138 100
47 58 99
8 119 92
57 135 94
46 47 38
7 37 16
11 129 73
46 122 92
4 16 53
8 20 77
32 127 30
100 114 66
33 102 71
2 101 72
70 103 42
8 9 1
57 126 6
37 108 50
0 68 33
7 122 89
19 124 79
30 136 77
19 46 50
8 127 20
2 114 13
16 115 91
9 76 24
17 68 81
86 95 49
34 128 66
35 133 28
94 126 18
71 122 18
40 58 92
55 101 71
36 89 98
23 49 47
29 111 12
11 96 75
36 108 30
85 127 33
15 90 76
19 66 67
2 42 37
13 86 45
36 77 11
62 104 59
51 68 29
62 90 78
1 127 21
58 105 65
90 105 73
31 43 18
129 139 70
27 99 18
68 126 26
42 74 57
38 68 94
112 136 97
9 40 32
37 113 15
11 26 1
97 120 47
82 136 91
39 63 71
65 122 91
73 108 55
15 108 68
32 42 100
94 120 70
14 127 53
91 96 67
119 134 99
43 44 8
37 128 74
1 65 19
2 8 53
51 114 34
58 80 72
3 124 57
104 129 30
35 56 47
80 95 26
30 66 20
95 138 97
8 93 29
12 90 46
0 6 31
15 85 38
65 128 39
84 90 53
55 65 37
26 75 29
60 104 51
12 31 7
30 36 85
37 95 55
116 136 23
58 66 68
33 54 44
19 81 77
37 131 91
33 56 25
96 107 48
38 91 100
40 117 35
117 119 62
33 88 86
57 87 80
8 109 78
31 94 58
51 62 44
15 41 47
97 126 8
3 87 26
60 130 44
10 111 99
13 39 5
59 115 70
70 134 36
19 62 3
83 99 15
32 41 28
34 56 76
79 113 47
5 119 44
129 131 97
47 71 90
97 101 86
112 134 6
120 134 99
8 22 51
31 122 71
56 108 84
16 124 74
52 59 7
32 94 74
9 39 43
75 78 30
91 94 83
97 118 92
17 88 15
15 31 2
66 86 86
2 41 45
49 130 89
119 127 44
20 110 94
22 67 79
70 135 92
70 92 91
14 44 3
55 83 1
26 68 37
17 124 51
64 79 17
56 124 68
56 89 83
77 107 12
11 95 20
22 36 26
83 120 60
106 117 77
6 101 40
120 130 69
108 113 28
8 10 82
44 57 41
66 76 58
2 50 25
124 135 44
120 121 99
48 73 25
65 103 33
28 131 85
121 126 44
5 8 69
2 83 54
92 106 40
27 45 64
31 129 42
13 50 86
75 129 31
3 99 43
99 102 77
67 97 14
6 47 56
4 79 63
18 78 45
80 122 56
35 38 12
79 92 60
34 72 60
58 59 57
25 63 63
6 99 82
86 118 4
4 54 69
0 74 84
1 16 83
41 77 20
37 78 18
13 129 66
36 133 55
43 115 30
95 110 15
28 38 22
94 99 70
15 66 56
20 88 51
80 118 71
42 57 38
7 42 57
6 50 89
12 75 93
22 125 35
16 106 76
59 69 76
62 70 71
57 108 43
65 111 71
34 134 21
118 133 46
59 82 57
114 131 86
61 116 42
68 83 51
7 121 20
38 51 39
82 101 22
55 59 100
69 128 55
96 109 42
56 65 75
52 138 1
8 16 22
13 18 43
23 109 35
83 107 20
75 107 51
11 52 94
90 111 91
11 27 85
24 93 49
23 119 57
13 110 10
13 55 17
2 40 64
42 100 41
73 93 61
51 105 23
12 117 84
64 75 28
14 88 78
60 68 60
68 117 93
13 75 82
120 125 84
14 103 33
26 44 53
34 78 5
73 114 21
48 125 40
82 90 70
48 99 65
24 49 80
35 120 64
63 74 8
11 131 14
6 29 39
10 75 60
14 95 93
19 56 95
47 73 25
52 63 98
75 94 29
41 56 11
33 46 48
30 31 65
107 128 72
53 99 64
66 133 43
112 139 49
54 109 96
10 57 31
19 104 16
8 51 78
41 105 33
38 94 4
6 88 76
5 59 98
29 38 87
103 107 14
55 104 21
72 74 7
21 27 49
15 51 61
14 21 45
6 76 29
99 125 28
20 127 65
21 68 52
52 120 93
1 90 35
0 62 61
48 52 5
92 116 98
6 63 57
28 78 62
77 127 89
14 107 76
110 114 81
90 101 38
57 80 24
70 105 61
1 80 89
19 94 58
41 67 5
46 132 7
28 138 60
64 111 12
103 131 5
30 76 35
5 47 95
58 73 81
73 136 14
108 116 32
94 111 82
77 128 5
71 117 86
26 67 27
50 83 17
30 96 94
24 132 83
71 79 91
13 61 22
65 89 95
37 86 85
37 79 59
75 132 85
96 101 37
20 62 27
35 60 63
104 119 20
24 53 51
35 81 40
82 89 84
44 109 91
72 106 86
60 74 44
49 55 69
51 64 79
79 134 36
30 75 75
30 132 18
46 76 44
102 110 16
103 127 61
66 89 58
23 67 93
5 138 56
86 88 35
0 97 74
119 136 41
48 138 35
46 138 74
99 134 76
74 126 98
48 115 75
94 113 90
9 49 22
8 33 12
75 83 5
14 67 8
91 112 31
32 116 11
25 80 1
90 117 16
72 128 91
56 70 100
77 108 59
7 52 32
107 127 12
36 135 54
36 119 61
39 125 34
84 128 23
17 26 67
109 129 73
23 110 94
76 100 16
81 91 58
98 122 24
0 73 49
6 83 23
76 136 31
11 65 20
76 105 62
67 96 28
53 65 86
29 125 60
38 79 45
42 83 69
49 52 91
100 117 61
77 110 25
99 116 93
16 90 53
11 132 30
100 134 13
28 122 44
29 64 83
0 109 70
14 106 8
63 111 15
6 12 41
52 66 91
21 32 78
111 138 66
17 101 65
70 129 76
40 68 99
1 95 29
32 76 44
48 51 66
98 134 98
50 121 86
1 124 76
17 81 88
9 52 62
17 84 64
6 46 79
26 114 87
44 110 3
16 137 66
56 139 92
46 81 85
10 121 12
5 103 27
1 49 20
17 72 66
61 72 96
13 58 75
4 117 44
50 119 9
45 117 71
98 133 71
22 85 61
30 104 46
62 79 99
98 137 46
46 96 47
24 83 13
13 103 38
89 134 51
18 20 90
53 68 59
72 94 55
53 72 98
8 29 19
90 94 19
7 43 10
55 118 89
14 90 4
84 125 47
77 118 49
58 131 23
103 134 23
44 68 50
16 138 20
58 98 98
26 104 37
30 67 39
9 25 18
1 15 54
134 135 5
54 58 9
100 125 31
42 108 57
6 70 97
24 119 2
70 72 1
66 99 79
104 117 96
35 44 34
49 63 52
20 31 42
13 38 4
57 111 94
2 71 9
3 115 2
32 57 22
43 49 1
35 102 85
78 126 25
59 130 68
81 133 73
19 71 85
99 124 20
26 85 7
107 108 65
15 72 84
69 114 89
36 121 17
3 51 47
26 139 29
11 57 6
23 124 3
46 61 94
73 133 96
115 130 41
44 132 61
7 44 78
95 100 29
60 92 74
28 94 23
16 120 23
14 128 83
16 95 54
36 67 39
12 119 1
16 75 15
24 34 58
127 129 94
16 59 35
105 115 39
82 88 9
67 127 12
60 66 22
86 111 52
7 98 1
4 118 41
98 127 65
42 75 57
61 69 63
70 114 17
34 65 55
9 128 70
10 30 96
2 113 49
79 102 86
1 87 53
19 45 68
8 97 68
36 75 95
22 102 36
106 124 3
36 116 97
55 103 21
8 44 37
24 103 33
82 118 67
14 19 22
80 115 23
131 139 56
105 122 76
20 139 35
99 139 96
37 72 67
66 80 65
134 136 60
69 121 39
2 126 24
62 129 76
12 79 62
3 91 27
23 64 18
111 112 87
35 71 33
43 103 54
60 119 49
13 62 27
35 37 92
93 107 15
63 113 58
65 104 73
71 100 37
38 40 94
37 56 56
36 111 38
87 138 3
23 32 74
17 39 62
20 93 38
37 122 60
31 67 12
10 59 32
39 66 79
29 36 85
33 106 62
83 84 90
67 123 35
5 60 38
107 131 50
39 103 52
35 79 49
37 121 65
124 137 67
111 133 85
54 112 13
7 130 95
37 125 54
27 130 86
61 70 59
26 60 15
20 100 37
56 103 30
60 113 25
65 90 16
30 74 12
62 87 29
73 106 45
68 97 25
51 136 19
52 85 11
2 58 38
35 52 71
43 69 43
32 135 61
47 62 26
20 82 87
50 58 87
64 110 81
22 33 25
26 73 27
53 126 16
61 107 46
66 92 38
6 38 50
46 56 41
21 84 80
24 79 8
13 94 94
16 55 65
10 120 27
5 50 53
27 119 79
65 70 92
53 76 9
68 121 84
34 115 35
11 14 88
33 74 100
18 63 6
5 67 29
70 82 75
21 112 22
39 40 73
12 74 10
124 128 97
30 68 91
45 83 61
14 23 45
3 109 2
12 33 20
62 120 3
6 69 91
25 127 45
89 105 56
91 130 80
22 135 14
33 51 58
5 33 79
72 118 80
23 101 52
21 118 3
61 129 71
9 124 32
24 28 32
34 69 1
21 94 29
15 17 78
66 79 79
1 89 44
12 139 13
13 68 87
39 70 42
41 129 99
65 136 42
65 81 38
91 107 43
47 89 9
123 129 99
32 52 79
90 134 26
16 83 85
2 21 51
30 85 46
23 50 82
5 123 99
25 130 52
8 100 41
106 111 9
86 91 73
30 48 69
8 58 40
25 112 48
27 60 77
29 96 24
42 53 30
3 134 98
12 17 78
13 51 100
54 71 84
16 121 24
47 98 13
61 134 83
25 113 65
62 81 43
9 22 48
8 24 51
36 65 25
88 108 88
84 123 49
90 126 30
26 110 79
98 128 52
102 116 28
42 104 14
8 41 87
0 83 27
88 116 26
33 36 39
128 139 61
11 35 63
16 54 82
16 116 64
100 132 72
3 4 98
102 126 61
70 113 59
38 46 92
64 93 87
75 124 28
75 77 74
28 62 64
33 110 52
4 45 92
15 62 94
42 110 18
6 103 3
9 98 1
51 69 17
41 87 76
0 93 27
15 124 84
5 136 25
29 82 56
43 107 54
40 128 63
46 49 4
47 136 60
44 120 20
28 99 29
127 128 57
43 130 40
27 135 48
95 125 45
20 101 36
35 59 92
29 103 12
107 116 91
55 70 68
36 99 9
54 67 54
8 90 14
113 115 18
73 77 33
101 111 53
28 36 38
43 64 19
72 79 87
74 132 61
66 134 22
41 89 69
10 40 5
64 95 61
78 131 13
85 97 66
40 93 94
42 111 85
3 84 5
40 126 74
82 115 58
22 35 78
4 101 97
8 67 53
15 22 64
8 139 31
32 102 73
46 106 83
88 122 80
5 133 40
25 96 74
31 50 32
40 125 3
65 117 33
123 139 18
57 81 10
86 98 40
54 111 91
93 118 14
28 137 53
14 68 53
11 82 43
43 75 13
82 84 33
48 131 27
36 69 94
18 134 53
0 106 32
103 114 74
5 112 87
76 115 94
31 74 39
41 99 80
23 80 86
40 71 84
61 127 3
121 136 55
41 137 10
73 123 69
8 39 50
39 42 82
4 77 63
64 121 68
35 91 62
6 60 31
23 128 21
59 129 55
17 33 53
57 71 14
23 100 50
74 100 55
94 114 55
26 109 37
23 81 79
31 134 27
67 87 25
133 139 90
46 90 33
85 131 86
44 129 20
24 52 35
1 116 59
17 128 65
36 66 9
76 113 46
4 104 91
56 97 57
39 71 36
14 70 24
6 104 16
15 134 32
105 113 18
10 87 86
56 95 56
29 67 36
90 119 8
2 12 66
76 94 28
100 118 99
32 56 66
129 138 70
37 41 1
53 130 41
45 92 85
34 53 17
24 124 32
47 111 71
118 120 100
14 49 100
93 110 36
115 122 55
78 135 100
38 114 10
86 128 90
79 114 4
58 111 51
84 133 41
9 53 46
63 85 60
98 113 1
66 72 22
28 85 35
78 114 65
32 137 33
12 100 35
77 95 42
78 80 70
50 99 73
17 27 93
25 44 77
20 137 95
74 95 83
67 120 13
65 101 76
14 41 37
49 65 12
13 115 90
111 118 84
113 120 82
119 123 92
52 122 62
36 56 96
8 111 2
18 53 83
40 69 61
53 92 75
46 131 17
81 111 37
2 72 70
33 50 49
13 92 50
47 127 55
32 39 99
104 124 81
2 81 28
53 98 72
80 121 63
36 104 56
11 105 58
11 133 68
22 134 53
2 137 71
3 135 22
58 123 86
48 110 22
81 121 7
44 65 89
15 29 89
134 139 7
47 99 56
42 76 13
17 86 91
27 70 83
114 128 62
2 25 28
42 92 27
34 87 4
62 107 50
39 64 85
35 88 50
90 136 88
11 13 54
37 42 76
19 73 7
92 115 23
42 69 52
16 74 49
13 81 23
88 135 31
40 111 53
32 107 79
42 85 51
20 28 5
38 62 37
51 138 41
49 70 94
7 13 42
49 103 27
49 114 21
107 138 87
31 85 62
41 85 21
27 116 31
47 132 65
76 131 82
124 136 97
80 127 34
53 134 44
24 133 43
16 131 23
3 94 14
113 127 41
65 109 28
23 125 41
22 25 34
49 117 28
59 122 42
38 115 47
85 112 8
67 69 7
51 106 6
117 130 56
5 28 9
72 90 75
59 92 84
39 102 48
120 135 81
55 102 17
106 109 73
54 103 80
49 79 12
114 132 28
77 111 98
67 129 8
8 96 31
82 99 33
76 82 30
74 97 35
12 40 52
14 17 41
9 93 45
56 62 75
50 102 56
29 47 92
62 128 33
94 98 12
12 111 61
5 27 91
56 132 72
12 105 59
70 124 23
80 89 82
7 117 40
20 63 88
115 119 36
6 107 2
35 67 55
71 120 57
25 61 67
40 52 37
21 104 55
7 58 66
48 136 90
67 86 21
17 49 55
0 2 28
10 12 30
38 74 41
44 81 80
51 90 95
83 135 15
78 88 55
120 138 84
112 120 89
15 113 99
20 42 73
16 125 53
18 96 40
62 102 13
35 45 30
1 97 99
37 55 4
87 90 66
54 125 74
25 46 66
2 133 66
30 83 14
4 120 51
12 63 73
112 123 52
4 7 96
75 112 87
10 34 26
0 90 3
116 134 57
5 77 9
36 53 77
67 83 95
13 77 75
18 83 11
85 119 42
89 90 98
34 79 66
57 66 70
35 97 84
32 80 93
36 112 61
13 56 70
8 131 37
101 103 77
22 105 5
48 101 94
57 124 99
102 139 90
84 139 97
44 124 50
16 87 8
37 60 60
9 55 83
31 79 18
63 99 54
14 119 18
6 64 55
31 133 10
43 138 4
5 55 21
94 128 94
14 47 66
52 109 67
83 119 72
75 89 59
96 123 59
20 99 3
8 88 2
19 121 58
127 139 13
59 73 97
102 105 67
51 122 28
17 56 44
54 130 58
87 118 46
1 54 61
80 124 53
114 123 51
27 66 52
28 89 72
2 136 70
60 88 56
24 54 4
83 111 52
51 67 26
59 108 92
31 54 26
11 79 14
20 58 89
20 109 22
6 8 59
11 50 25
27 94 3
121 134 40
48 122 49
14 57 97
37 102 85
103 129 97
98 129 7
6 68 65
20 43 10
27 93 95
30 70 26
23 114 39
130 139 10
41 101 54
2 74 14
39 100 18
22 39 83
20 125 40
56 92 77
57 133 100
62 85 68
37 139 83
7 27 79
19 49 20
94 135 100
48 108 36
14 75 29
3 133 68
43 96 5
61 80 55
32 88 12
21 44 50
36 113 67
51 130 90
62 117 69
74 113 83
15 129 18
43 117 45
20 33 18
40 83 30
11 22 36
1 129 95
29 49 28
51 115 51
47 56 10
44 116 63
11 59 73
44 84 45
15 20 8
17 28 92
50 71 42
27 86 71
45 93 73
46 117 92
82 95 14
4 58 47
61 73 17
104 109 44
39 114 38
45 63 31
48 49 64
61 108 8
23 36 13
8 106 73
41 136 91
0 116 24
45 67 79
114 120 6
1 17 51
9 118 71
53 135 33
18 101 76
0 39 2
25 48 60
0 60 94
15 23 18
17 64 25
66 118 58
10 123 82
32 123 18
30 35 55
115 132 40
56 112 28
79 122 55
15 96 4
55 133 2
79 127 33
12 19 96
74 134 40
61 103 10
9 73 4
19 47 16
24 123 68
59 96 20
4 64 41
16 35 75
16 104 91
10 22 26
42 86 13
15 26 43
15 120 90
104 127 31
18 33 4
77 101 47
36 98 84
15 63 71
1 60 74
47 61 15
46 87 31
16 45 70
0 28 96
100 111 95
61 93 18
46 66 32
81 131 34
20 29 73
30 118 57
45 49 39
87 110 70
9 104 2
59 87 74
0 4 71
17 42 50
13 36 72
60 71 2
53 107 61
34 82 26
94 119 75
17 131 18
31 58 92
1 108 32
25 77 2
46 105 88
94 97 100
53 63 45
2 24 22
55 129 11
64 101 38
76 87 55
90 121 7
21 33 84
78 92 20
9 32 79
51 95 6
19 25 32
79 81 26
81 129 17
86 127 34
20 128 78
2 45 1
13 118 36
3 92 53
90 109 26
32 34 3
15 117 63
113 125 96
10 29 82
2 53 77
87 94 54
50 124 53
60 89 78
12 49 26
33 107 80
70 111 37
114 119 2
85 109 1
72 98 32
59 90 45
110 135 64
31 132 74
6 91 98
10 93 73
49 95 59
59 97 59
11 118 75
76 125 33
22 64 60
41 64 54
69 101 59
13 33 99
1 120 55
28 129 33
18 43 38
71 97 58
52 110 54
9 72 9
100 124 1
32 117 97
95 129 89
26 45 69
77 79 20
66 68 12
18 70 95
30 51 11
2 37 82
37 100 83
13 130 99
58 109 97
30 40 41
50 77 9
23 45 82
37 111 47
27 92 67
55 78 70
4 137 4
76 134 65
92 121 59
63 97 53
14 34 18
14 72 29
42 80 18
1 7 12
93 97 99
49 107 32
73 79 13
29 90 39
10 91 58
23 46 15
105 136 56
13 37 100
7 128 3
12 135 81
41 108 52
87 88 69
18 82 89
26 119 58
47 68 64
18 139 63
28 76 82
22 54 8
21 74 52
55 128 100
65 78 37
45 59 26
14 32 100
73 94 53
111 121 69
58 120 9
42 133 48
55 137 59
25 92 48
59 109 91
56 88 46
103 110 14
38 123 82
34 42 37
10 62 52
32 63 31
44 126 30
63 136 55
49 119 36
57 90 77
69 129 43
22 95 54
92 127 8
48 94 66
27 101 15
2 65 47
27 59 92
75 108 96
89 95 7
105 108 16
58 75 54
102 134 19
0 12 3
93 115 63
8 78 29
80 88 23
38 75 99
40 106 3
31 93 96
76 138 59
120 129 7
27 32 34
47 102 32
111 113 98
46 134 25
19 39 10
16 44 37
18 37 57
4 17 89
80 82 93
78 138 13
88 91 51
82 113 82
27 87 19
6 13 76
77 112 4
62 111 35
74 104 73
123 131 73
57 83 32
7 41 33
54 131 100
8 53 100
32 60 81
75 135 35
112 127 24
17 105 46
32 95 88
61 66 12
44 71 59
54 121 38
21 123 58
4 55 27
51 84 43
10 108 90
4 30 56
27 49 63
101 112 23
22 82 89
43 80 69
17 55 27
8 45 55
86 119 9
29 83 56
63 115 64
71 101 94
32 81 26
82 108 59
70 128 36
116 117 7
33 139 24
20 131 4
37 104 65
116 130 59
41 79 3
16 98 11
8 68 55
45 75 18
23 91 62
91 129 38
82 86 57
33 129 13
27 108 75
22 23 53
3 106 38
71 106 46
121 131 35
19 82 38
6 17 14
1 111 9
32 105 13
23 84 69
43 132 8
4 110 71
19 55 63
66 95 39
82 96 10
137 138 97
14 78 80
21 48 22
8 103 56
23 93 43
58 72 28
91 136 89
107 134 12
18 67 16
8 128 13
60 132 52
54 55 11
2 7 33
36 87 68
29 114 93
24 70 99
62 93 76
31 91 61
4 106 32
57 58 90
87 95 12
34 88 3
78 124 14
60 76 62
75 137 54
73 82 37
57 93 38
19 127 10
59 134 88
65 118 77
73 117 29
10 79 29
18 132 91
96 103 70
55 110 53
59 66 29
62 126 71
10 138 16
64 97 85
18 21 7
2 118 86
55 64 76
4 28 90
24 78 11
1 71 35
1 100 13
0 56 86
23 103 13
119 135 36
31 139 1
6 93 51
72 77 39
23 104 74
91 98 20
96 106 5
4 97 9
35 100 7
105 107 72
34 96 8
23 79 52
12 56 16
6 97 80
0 72 88
23 120 20
20 113 57
15 35 100
6 82 72
112 126 30
64 138 31
83 139 33
30 79 22
70 139 44
65 71 70
16 60 96
36 58 83
20 73 88
96 132 21
61 139 76
28 58 19
25 65 2
50 54 15
21 102 74
11 54 26
95 113 77
8 120 36
76 139 67
118 128 32
8 129 26
61 67 63
108 124 46
27 80 42
9 132 21
8 12 51
56 81 58
8 59 15
5 19 65
34 98 73
63 75 25
11 121 90
99 138 61
33 112 34
28 133 87
86 93 23
39 129 2
21 41 17
57 100 93
24 127 13
48 93 73
16 32 58
12 61 19
18 102 71
2 108 88
78 106 84
128 138 57
58 121 35
93 136 12
12 16 46
35 80 53
0 91 47
58 138 70
32 66 37
26 128 87
77 132 85
19 34 23
72 84 22
14 133 13
48 83 97
81 105 90
57 120 76
0 132 37
81 112 68
10 95 89
9 139 94
2 9 98
17 116 97
67 108 1
59 136 16
54 76 24
72 133 88
45 66 16
30 49 65
80 116 12
114 116 68
19 110 75
59 83 84
24 92 6
49 112 57
102 118 1
41 70 3
49 132 51
49 76 51
91 105 99
86 105 91
79 125 93
42 96 36
110 137 81
61 118 3
18 117 84
58 63 79
51 101 76
25 79 73
5 44 86
10 102 31
54 99 52
4 33 83
4 131 53
88 105 48
55 115 8
29 59 95
47 52 39
73 89 87
88 114 56
69 74 99
96 102 9
2 22 35
66 120 78
72 73 38
12 114 9
64 129 39
68 93 19
92 101 69
54 96 53
120 122 19
12 42 22
91 135 65
69 123 30
69 133 48
31 110 50
103 130 85
47 106 2
62 136 19
13 24 84
15 57 10
30 94 81
21 42 6
67 137 93
74 75 90
40 97 40
104 110 83
97 111 49
73 103 67
3 23 33
114 139 22
9 126 94
10 85 6
52 136 15
48 114 48
20 95 17
31 120 32
27 91 18
22 100 12
75 96 34
42 89 55
80 99 78
29 92 58
4 125 45
40 108 32
74 130 76
37 77 100
66 103 94
50 105 71
65 120 68
85 138 36
92 111 6
54 122 49
15 27 81
71 113 67
92 117 19
38 78 98
66 97 52
52 84 40
19 35 6
58 61 83
57 86 50
10 42 68
11 64 57
13 127 57
4 123 3
71 104 2
81 117 18
64 86 8
16 103 38
1 101 83
107 137 35
4 103 35
47 116 26
33 41 56
77 126 72
21 78 10
78 134 94
26 78 22
69 76 2
90 131 71
35 128 89
59 139 10
8 49 80
4 29 95
20 129 86
20 102 96
84 121 74
51 111 53
5 72 34
20 115 11
0 3 98
91 108 17
48 72 93
94 106 6
71 133 74
85 108 32
46 99 94
107 111 80
131 138 6
34 122 64
58 106 5
11 108 64
16 28 1
0 18 92
23 113 51
6 111 100
24 106 49
92 109 95
67 131 67
25 83 4
4 113 35
53 131 18
5 111 13
20 92 74
48 118 84
90 116 43
100 122 38
43 101 75
22 72 10
70 81 36
53 95 92
49 93 61
90 103 50
50 98 17
30 105 21
8 35 37
106 120 5
0 82 17
16 134 17
68 127 29
90 92 38
41 124 49
18 81 49
44 55 49
3 79 14
95 119 80
28 40 87
63 121 72
30 52 30
56 57 6
17 82 24
55 132 89
43 85 34
72 75 2
9 120 31
30 110 39
23 65 55
97 125 92
31 51 68
28 55 79
48 91 68
3 80 84
11 19 3
33 101 47
111 136 66
14 76 90
14 52 69
69 111 33
33 119 82
21 59 12
31 124 89
49 97 46
72 99 92
109 135 39
81 120 84
106 112 38
17 52 90
27 133 18
14 77 83
86 101 4
71 95 81
27 37 34
56 68 16
36 92 25
42 55 43
19 42 97
44 99 18
95 99 6
46 125 23
102 120 4
21 50 57
86 136 70
38 64 70
44 48 33
89 138 22
52 64 68
89 94 36
15 98 51
9 31 79
51 78 40
11 115 2
85 94 42
29 56 31
54 85 48
36 117 46
55 94 88
22 51 11
118 138 63
33 55 35
37 99 68
40 124 39
61 100 1
22 101 44
15 126 16
101 109 76
38 120 34
13 117 63
22 44 79
23 135 26
68 122 35
68 75 4
62 94 49
0 9 45
87 107 6
13 41 42
63 125 26
117 134 40
85 86 9
0 115 8
13 57 35
92 100 7
36 41 39
44 95 58
66 116 69
61 112 69
63 90 99
36 132 73
101 137 12
99 100 7
88 125 16
18 130 43
69 90 54
31 111 62
39 130 63
52 119 74
0 80 92
33 34 20
53 56 77
123 130 52
15 114 59
4 127 80
83 85 85
34 80 88
67 139 61
43 45 44
43 108 48
0 123 68
59 131 4
64 126 58
51 66 3
51 93 2
6 121 2
60 102 94
10 74 64
22 126 70
55 74 79
40 90 16
52 116 35
76 101 32
39 81 80
58 76 98
45 96 33
16 46 82
87 92 35
85 130 34
79 94 30
51 55 83
65 119 20
24 118 23
48 50 11
15 123 88
111 125 17
43 53 19
89 92 1
10 67 73
14 56 22
63 79 22
56 104 78
126 133 96
21 55 9
45 69 88
33 118 36
36 73 72
53 133 52
11 80 62
78 101 95
3 66 90
26 101 83
97 132 18
15 33 48
5 61 1
0 48 36
6 56 57
101 110 24
28 121 45
57 92 74
116 128 82
14 26 3
62 110 78
105 133 70
0 137 49
95 124 40
94 95 17
26 131 55
103 121 90
72 76 76
65 107 23
62 109 52
83 104 88
54 119 5
13 40 24
13 93 67
1 37 28
2 129 34
72 101 51
43 122 80
80 104 27
36 60 46
10 23 30
9 87 93
16 70 99
66 93 14
4 89 52
51 58 65
122 139 23
78 109 95
42 99 40
72 127 27
28 132 29
118 126 35
25 116 93
12 18 11
95 133 71
29 61 41
37 59 97
54 126 20
2 79 54
31 108 75
93 123 96
104 139 22
69 106 67
37 46 65
12 123 21
47 123 92
85 137 41
24 63 95
49 126 52
32 106 36
41 117 93
62 133 16
4 12 91
37 82 27
6 34 79
116 133 81
55 109 46
38 117 12
51 73 72
66 117 41
12 76 41
4 114 32
79 110 52
8 32 80
25 138 14
35 139 9
31 109 21
71 109 9
114 122 47
29 139 87
44 53 33
64 107 18
16 66 98
31 112 69
101 123 100
116 121 4
64 67 95
2 14 12
35 122 15
31 115 84
74 87 79
35 132 91
65 72 77
38 101 12
114 133 10
1 112 30
1 78 7
43 111 12
72 123 78
36 40 73
22 91 55
94 122 33
11 136 66
91 117 5
51 123 96
100 116 15
27 63 47
112 122 21
88 117 75
84 136 58
80 132 42
69 88 14
0 53 49
45 113 100
71 110 35
75 123 96
11 69 22
128 133 53
56 123 39
31 68 93
88 129 74
44 115 37
29 89 43
9 83 14
17 67 88
23 62 96
23 60 33
76 99 15
53 117 70
3 117 93
35 48 100
68 115 10
21 64 89
57 91 14
40 47 23
8 94 94
42 105 55
35 117 12
98 135 19
103 126 57
82 112 13
43 100 13
27 43 90
32 131 66
34 100 58
66 108 43
80 114 33
31 80 10
37 85 37
14 102 9
4 62 93
46 62 81
43 87 75
28 119 33
9 56 78
73 78 100
1 85 40
5 87 43
54 114 23
36 47 98
5 128 60
52 65 68
41 62 38
1 40 14
59 99 45
11 33 81
42 48 5
51 54 22
40 65 77
54 89 27
26 112 58
51 86 82
99 109 49
101 117 77
42 70 61
55 57 21
19 130 24
64 96 14
55 130 64
1 91 40
35 72 8
67 72 79
58 101 48
95 120 5
75 139 50
24 48 54
12 28 37
51 99 16
40 104 80
34 109 46
49 81 63
67 95 5
101 127 19
28 43 95
16 117 55
40 103 81
44 96 11
43 66 62
19 64 37
28 107 1
66 102 14
57 104 66
74 121 1
1 139 26
18 123 4
22 52 31
2 33 26
93 116 15
37 57 10
80 100 30
30 34 96
62 106 88
52 71 25
20 66 38
0 110 56
27 131 28
132 135 29
18 72 83
5 116 28
28 79 39
123 132 34
45 80 26
15 37 70
65 137 68
6 125 41
80 85 50
46 50 85
21 36 75
46 54 31
38 80 66
21 31 19
54 116 98
59 60 36
113 139 70
52 68 26
71 118 9
30 101 82
97 108 68
53 93 46
64 123 43
76 80 54
38 104 12
13 22 4
33 73 11
68 111 27
47 86 10
82 93 2
7 93 52
22 133 34
2 115 5
22 139 50
64 106 16
39 53 44
8 95 3
27 105 46
55 122 25
22 61 21
49 62 94
83 138 9
41 92 95
38 98 100
23 111 81
8 87 73
37 49 88
53 67 100
116 139 51
23 118 67
96 122 17
37 116 14
2 3 47
8 17 66
87 133 1
21 99 38
10 65 55
44 98 98
123 134 6
41 110 30
63 95 12
21 61 20
60 87 92
50 76 18
9 112 86
35 86 60
133 135 69
21 30 41
3 73 25
38 87 52
33 98 3
94 127 90
108 134 75
17 61 91
123 128 28
17 87 49
43 134 40
85 95 22
24 88 55
54 105 7
10 84 94
21 40 43
16 81 36
11 45 25
66 130 23
50 90 93
28 57 77
34 126 24
46 59 95
71 139 94
90 122 36
66 77 70
16 49 21
54 136 56
109 120 10
34 94 23
47 112 40
6 54 91
71 93 51
93 117 53
0 117 30
80 128 49
18 87 86
33 94 1
18 47 30
40 57 59
43 127 17
5 109 47
11 100 52
86 102 43
0 36 28
6 18 57
56 83 2
76 128 84
116 132 47
21 43 71
30 32 21
4 31 67
26 66 58
114 115 43
5 62 4
108 111 12
128 136 42
69 139 53
60 78 65
41 82 82
19 122 84
91 121 6
22 138 65
61 62 84
31 57 50
50 86 31
20 89 49
125 127 25
29 128 57
52 81 28
111 128 2
76 110 43
16 107 45
98 132 83
16 133 76
73 138 17
6 14 49
103 135 84
45 135 70
10 113 80
47 78 45
76 77 50
38 112 34
52 137 34
48 117 45
60 129 26
51 61 99
15 89 15
48 58 56
101 115 78
57 59 25
127 138 82
95 123 36
108 138 29
14 101 31
0 95 74
24 69 91
110 111 31
9 86 46
7 62 99
16 76 85
31 78 44
14 28 83
80 97 50
2 96 15
7 79 64
99 106 8
61 92 78
20 67 44
30 50 14
15 132 2
79 98 58
52 104 40
15 16 93
6 116 81
37 75 33
19 120 43
4 100 33
70 117 69
4 98 23
44 101 8
1 67 100
80 139 74
18 50 56
106 107 14
27 79 86
28 74 5
35 138 68
85 126 72
71 74 86
19 44 81
11 63 15
70 89 60
73 116 29
2 11 84
38 129 2
93 109 59
27 98 78
0 118 12
87 123 99
13 88 23
60 112 9
100 108 17
62 108 29
38 70 7
17 32 76
81 135 21
22 43 3
30 120 92
16 30 26
6 130 16
51 59 57
99 104 97
74 81 61
96 128 54
12 55 73
12 38 49
86 110 92
43 90 78
8 43 39
20 90 38
54 90 60
32 139 65
103 106 84
54 61 6
11 73 9
80 87 40
50 59 38
3 22 2
66 110 90
11 106 60
4 121 79
59 65 67
26 59 20
70 73 45
7 113 11
1 105 90
36 55 42
31 55 3
14 42 73
54 94 15
100 112 86
22 93 15
40 82 7
1 130 36
32 125 94
52 98 95
11 43 63
62 77 28
62 130 97
24 134 51
31 53 14
49 68 24
24 99 36
4 52 58
87 117 46
31 38 90
75 125 47
42 67 88
94 130 61
72 136 43
74 114 16
30 89 24
41 102 21
27 51 89
103 118 35
40 114 27
84 108 93
59 128 3
45 86 34
70 130 18
16 96 28
8 13 54
29 121 80
7 15 1
45 137 81
48 61 55
11 93 4
49 136 22
22 107 55
63 108 58
71 112 17
62 105 98
29 37 29
84 87 25
10 41 64
108 112 10
81 99 54
6 24 46
109 127 99
21 54 6
61 115 38
83 101 60
46 82 89
44 86 85
4 135 20
63 130 46
6 10 71
20 98 74
94 129 70
84 94 21
129 132 14
36 123 3
24 105 86
5 34 73
31 59 62
5 24 73
1 50 62
14 15 2
19 123 76
41 139 27
85 114 98
2 70 45
3 132 6
18 116 50
43 119 86
9 74 11
13 124 48
23 30 72
82 100 67
7 53 49
6 89 46
74 110 28
41 123 72
17 97 83
73 107 3
61 136 83
50 66 10
22 94 5
44 70 63
120 124 52
69 137 51
25 117 34
47 109 5
43 82 33
33 80 79
54 133 79
122 133 13
78 113 34
49 82 60
118 137 19
41 69 70
46 84 41
2 26 85
65 100 40
67 98 27
3 14 16
6 124 15
7 69 13
9 20 71
30 138 87
9 61 33
58 82 64
3 97 44
45 97 30
93 134 8
7 57 70
100 131 15
24 102 82
102 115 46
93 129 25
70 84 45
94 125 18
4 130 57
3 129 71
59 137 73
102 113 85
128 130 99
17 109 20
0 119 27
8 123 31
24 46 41
37 105 37
35 129 60
112 128 15
97 130 28
84 118 31
63 127 46
1 31 2
4 134 29
122 128 62
31 61 41
15 111 14
91 106 75
1 73 25
17 96 65
24 64 99
23 133 24
53 110 93
0 55 56
119 122 79
28 108 11
102 108 100
10 116 40
15 92 89
28 34 54
0 47 10
15 56 62
69 104 69
102 123 62
20 55 44
71 96 59
15 110 12
61 119 69
30 41 18
97 124 21
116 129 96
7 125 69
79 104 72
36 42 37
110 118 42
21 49 30
48 56 11
38 59 14
53 89 64
68 130 72
73 125 59
12 128 27
109 136 1
24 91 28
108 119 70
7 74 73
8 18 65
50 122 55
28 46 24
41 98 11
33 93 39
58 89 84
52 69 52
47 66 99
14 74 28
8 63 64
99 110 66
125 138 22
53 139 71
71 94 89
59 110 20
67 125 80
42 118 81
24 36 1
16 88 83
49 122 38
3 126 81
22 70 25
4 124 61
9 115 16
35 113 78
27 84 99
28 68 47
51 87 57
47 77 41
51 80 56
46 137 69
57 89 30
16 29 15
68 98 80
34 77 34
125 134 88
104 107 10
64 88 87
11 44 11
78 93 31
9 116 3
60 133 92
16 38 35
23 87 42
127 131 95
52 53 12
41 45 24
104 123 47
77 92 43
85 134 66
7 94 69
37 45 99
75 138 55
55 134 2
67 111 56
4 78 84
33 109 44
61 110 27
61 122 7
23 123 55
24 120 23
80 113 61
17 125 98
18 128 29
50 125 17
7 12 53
18 109 27
25 78 30
87 121 95
10 60 8
55 95 14
34 50 32
131 134 15
68 81 68
90 138 53
27 65 59
58 108 24
38 44 69
72 97 10
75 115 57
62 72 52
86 133 53
20 40 2
12 59 61
74 129 45
45 138 66
41 54 15
7 102 74
70 95 51
36 48 30
20 39 84
10 39 12
13 136 52
93 121 28
27 48 19
54 134 26
49 90 15
74 99 18
5 39 30
76 133 91
113 122 70
3 119 63
54 100 39
70 118 91
3 127 95
54 59 21
29 132 96
94 108 12
6 138 16
35 42 33
65 74 84
57 106 27
6 52 57
19 128 39
29 123 27
31 60 54
19 79 63
50 101 21
126 130 70
3 86 9
106 113 41
9 19 43
70 107 86
91 110 63
33 92 29
61 74 48
67 118 54
70 106 92
2 77 33
18 49 46
103 132 34
46 111 29
92 134 77
37 120 17
81 128 63
7 20 21
85 120 33
0 52 51
39 90 100
69 86 12
64 80 82
18 115 93
98 103 37
10 135 62
38 85 29
69 108 61
97 119 7
64 98 20
41 111 10
30 37 5
80 117 52
24 41 20
46 139 34
1 138 8
125 137 13
99 115 33
22 40 6
1 96 39
47 74 67
6 49 40
17 137 9
19 27 7
47 63 21
7 91 74
3 85 45
95 128 72
14 85 20
23 106 78
2 52 23
58 91 1
58 84 75
82 106 5
60 109 89
9 43 92
108 130 11
42 45 94
5 95 28
12 27 53
9 67 80
42 93 93
84 112 10
1 6 81
80 119 29
20 21 17
33 61 19
86 100 16
113 131 79
12 37 91
77 105 5
14 94 26
6 90 5
33 105 14
56 138 33
57 76 57
38 72 68
37 114 62
18 94 9
14 79 34
13 97 91
114 125 18
72 135 67
70 100 11
24 40 94
85 117 50
34 60 79
60 111 29
93 102 19
88 103 71
50 61 34
59 113 91
40 53 84
28 86 86
1 35 59
54 132 35
10 122 89
119 139 12
49 118 18
38 47 33
109 132 49
99 114 41
7 35 75
35 104 45
2 57 9
9 99 69
66 74 77
66 124 72
62 73 72
74 90 33
101 138 42
8 37 98
66 126 77
36 59 10
40 49 96
77 90 16
45 123 2
18 120 51
7 73 30
70 97 78
6 122 53
84 95 15
26 38 28
68 106 55
94 133 11
64 104 30
37 138 65
67 128 89
25 103 87
66 121 28
36 139 60
44 45 89
23 26 81
41 109 87
41 66 11
56 131 56
90 95 30
88 133 20
66 123 95
50 70 87
64 91 47
61 90 76
43 97 30
84 102 20
45 111 2
16 122 52
55 120 27
19 103 76
105 134 28
82 124 55
44 50 7
5 35 91
26 135 55
9 51 9
27 29 24
125 136 44
100 102 17
121 137 38
5 94 96
33 122 100
78 120 30
9 100 58
65 116 2
0 81 57
0 5 99
26 55 72
10 118 28
127 135 37
12 26 43
89 119 95
7 87 50
101 120 51
48 75 86
16 25 35
2 121 75
9 117 62
24 138 91
85 125 48
24 26 14
0 111 53
49 131 17
63 66 17
27 42 55
55 119 76
16 71 25
22 57 85
44 46 53
3 34 9
109 138 60
55 106 62
58 115 48
84 101 25
1 117 63
63 101 47
24 115 8
30 115 46
29 30 23
36 79 22
25 88 81
1 21 21
44 105 14
85 123 87
29 42 75
57 73 41
29 73 59
109 130 32
84 110 92
28 114 43
71 114 49
23 78 80
46 101 86
3 55 2
2 119 73
57 78 68
17 133 13
124 125 20
18 59 20
99 120 64
106 114 88
13 114 4
56 93 54
30 93 68
82 132 47
87 111 39
19 23 45
16 68 58
12 121 67
51 134 91
1 132 50
10 71 5
54 115 78
30 126 5
39 97 4
5 43 7
63 119 74
9 122 52
49 54 51
40 136 95
20 123 64
36 80 81
33 63 5
92 129 89
63 67 9
3 88 74
22 115 10
11 137 16
100 110 52
100 105 28
34 131 93
25 86 20
108 110 24
7 123 32
17 111 50
22 97 35
5 13 100
9 36 70
3 28 87
126 139 72
58 114 47
100 107 20
34 132 1
91 100 21
28 69 69
4 21 63
97 109 23
69 122 65
37 84 91
7 60 22
17 79 80
47 72 23
16 43 19
27 114 71
31 83 77
1 41 36
50 94 39
73 87 45
71 126 46
89 107 66
9 82 68
3 128 80
55 105 40
3 13 8
57 119 30
19 24 73
23 52 99
41 73 47
29 116 52
25 36 38
1 20 73
115 123 17
42 98 5
115 136 59
44 63 89
24 111 38
34 136 51
88 93 42
1 28 71
14 55 97
0 34 12
50 57 95
1 14 75
17 54 30
50 51 77
51 97 23
0 17 2
124 132 14
16 86 55
13 47 82
84 103 10
65 73 40
92 93 49
83 122 17
30 131 8
80 83 30
26 40 78
80 96 76
3 116 43
73 90 45
52 117 85
73 131 27
39 95 18
51 116 36
50 80 19
56 90 56
16 111 95
1 4 33
58 125 91
10 53 46
89 139 2
57 68 10
32 50 55
116 122 40
25 99 87
79 91 80
35 101 32
47 69 82
114 134 43
89 120 14
1 32 98
2 122 9
80 103 11
50 106 46
45 70 55
3 35 81
2 78 49
21 85 75
80 138 94
38 133 46
24 139 71
2 4 11
86 112 22
5 58 56
14 25 88
14 63 94
6 39 84
119 126 99
11 139 1
53 124 19
5 18 78
59 101 16
13 105 79
11 30 41
5 64 82
52 62 96
6 105 40
19 52 64
34 47 84
28 77 80
51 133 45
32 67 85
19 116 59
33 135 78
26 132 9
61 125 97
111 123 24
36 127 27
96 100 35
54 56 51
25 82 76
13 16 77
26 35 21
97 116 21
36 96 12
61 113 98
27 128 55
52 105 9
75 128 51
30 119 94
31 128 17
43 106 90
77 117 82
32 54 29
9 44 82
9 123 80
80 107 4
47 55 53
39 85 7
20 83 100
5 48 72
6 77 61
23 44 14
86 124 81
93 114 63
27 134 63
9 12 97
71 98 83
3 57 78
10 99 46
31 52 49
0 44 15
10 72 20
38 131 90
7 110 74
53 112 43
37 65 73
34 61 99
22 26 58
36 51 85
2 36 65
27 88 51
40 60 2
66 67 71
87 126 9
24 90 80
25 66 100
41 68 25
30 106 35
15 73 52
68 74 24
105 138 8
11 81 97
21 97 81
60 114 67
51 132 87
28 127 66
7 28 90
11 123 14
57 102 58
44 125 11
6 44 89
30 61 3
13 139 53
14 111 35
51 92 53
27 124 52
3 108 5
3 107 20
96 114 7
3 93 59
98 123 74
2 102 59
132 136 92
31 131 15
88 110 1
42 115 45
123 136 65
54 75 81
18 23 38
21 69 61
93 137 27
2 5 54
57 63 34
25 105 52
0 49 62
40 105 48
117 132 38
13 137 56
74 135 2
3 19 66
69 82 31
40 59 45
40 44 18
53 83 51
59 138 76
82 134 53
7 49 27
19 93 31
15 71 77
26 105 66
22 83 64
27 139 46
43 65 39
14 51 54
24 67 44
41 81 43
40 101 43
68 133 93
87 101 23
96 119 34
38 88 14
43 131 61
83 92 24
15 103 64
37 70 45
25 72 80
118 132 42
26 50 6
10 114 54
62 89 81
35 126 49
35 74 21
8 117 66
108 120 7
4 6 15
58 67 63
25 41 76
90 120 18
10 69 22
50 131 72
88 102 67
10 109 71
56 101 18
65 91 64
78 127 22
23 134 100
12 103 40
66 104 83
61 106 51
14 39 31
58 95 10
58 74 6
36 81 69
91 119 98
2 125 97
46 115 24
27 125 53
21 35 44
12 66 90
66 125 99
18 92 58
92 99 57
96 125 26
24 47 38
16 118 61
29 70 78
20 104 18
88 128 4
1 29 61
119 121 64
39 111 54
66 69 20
74 78 64
76 97 51
20 117 56
23 73 11
72 89 68
54 78 2
77 135 53
104 130 33
10 61 64
106 129 5
29 119 96
22 103 11
68 91 97
14 92 57
10 44 92
5 65 78
51 77 2
44 69 89
96 137 68
79 97 3
22 77 57
68 92 83
70 99 33
5 139 74
78 89 76
3 100 100
0 89 93
32 99 51
49 67 15
61 75 75
74 76 19
26 120 50
10 129 69
34 112 15
112 129 24
5 12 70
29 68 75
109 122 100
3 75 92
37 133 99
17 89 2
78 118 5
103 109 22
109 131 86
0 126 51
37 97 23
46 98 34
0 65 71
7 82 79
25 137 55
123 138 8
60 107 49
12 57 65
9 96 53
92 131 82
56 127 93
45 118 17
11 94 27
50 62 7
52 79 94
14 93 77
16 113 47
0 26 96
8 92 88
38 119 5
9 102 92
13 132 28
71 103 53
40 95 63
37 62 19
48 97 5
26 138 92
3 49 72
79 96 100
18 68 18
26 82 86
34 64 70
77 88 25
16 101 13
27 46 33
5 80 91
15 67 96
63 116 98
14 114 19
3 31 35
77 91 7
40 73 35
95 101 65
47 82 12
38 93 26
15 70 25
48 96 30
8 107 16
103 113 27
109 111 4
49 59 33
88 98 63
44 113 43
105 129 82
62 114 20
47 65 89
13 65 18
105 106 45
48 88 85
4 108 21
58 118 20
1 13 87
61 97 66
85 87 81
58 116 10
114 126 13
44 134 43
40 92 4
2 127 9
14 27 12
77 102 76
20 77 19
54 138 74
97 100 12
94 139 33
80 130 87
59 119 81
4 75 43
120 126 30
34 95 41
25 101 40
74 85 1
11 109 84
47 84 54
41 127 22
105 132 15
5 70 100
55 125 82
42 63 31
35 53 82
110 116 53
21 22 92
48 55 29
25 91 96
84 111 60
9 47 15
11 71 17
24 51 63
78 84 69
16 99 29
9 106 22
55 117 39
49 102 96
23 82 58
56 86 48
54 66 33
56 106 62
44 67 45
5 46 86
74 103 30
18 48 22
78 79 42
14 38 39
64 115 46
73 102 79
75 101 31
104 125 36
30 127 29
36 134 49
44 49 98
5 30 66
76 114 37
48 80 11
69 135 12
57 114 34
20 118 48
32 46 84
76 121 94
128 129 100
81 139 20
6 9 24
47 128 17
132 133 19
79 93 37
24 122 90
56 79 28
66 112 64
26 42 6
45 127 42
3 71 15
101 128 76
36 71 77
40 61 15
75 117 40
0 87 44
65 88 23
97 105 50
73 95 60
10 137 6
77 138 15
14 109 48
35 66 29
41 93 53
3 16 2
54 127 30
81 95 44
39 67 77
32 77 69
61 123 48
15 49 63
73 124 66
36 46 17
72 112 62
23 83 88
56 78 22
92 124 44
46 119 32
7 88 26
33 35 29
19 129 52
118 121 28
19 68 22
9 28 69
4 128 2
26 62 69
59 125 31
52 92 6
26 130 79
55 98 26
54 107 45
63 100 90
53 87 93
35 77 35
89 121 30
30 135 15
28 50 15
38 116 70
41 97 100
9 125 37
13 78 76
27 30 81
20 64 58
22 128 17
29 95 91
66 138 57
24 71 65
69 130 29
82 91 56
7 11 36
32 36 47
94 121 33
53 78 4
25 97 56
89 108 97
60 65 36
13 28 21
49 51 40
37 118 33
46 136 95
19 111 25
21 73 28
84 93 16
54 88 49
51 107 24
26 124 41
58 96 46
38 71 83
31 77 37
10 136 20
14 46 97
94 132 2
30 102 35
115 135 18
81 119 96
14 125 63
20 68 64
45 64 89
43 98 65
60 131 11
28 32 88
25 94 32
69 134 46
55 91 6
121 138 28
16 130 73
106 110 100
56 72 37
37 110 12
61 77 29
27 117 87
44 118 35
73 85 47
49 73 21
24 117 66
24 57 31
46 88 28
59 112 22
7 135 12
117 123 32
104 114 87
58 77 40
97 103 67
110 134 17
76 79 71
17 95 76
9 13 70
68 84 78
105 126 22
119 120 82
89 117 57
72 105 10
48 102 96
2 106 81
53 138 69
69 81 62
46 93 43
35 108 32
3 104 96
3 90 51
9 45 21
57 61 11
1 121 48
50 115 60
76 98 88
35 50 48
58 69 1
135 138 25
19 117 57
27 72 82
10 128 98
73 92 100
36 94 22
30 71 80
72 129 18
48 66 34
38 48 41
75 85 49
28 75 92
19 67 25
84 124 8
84 132 34
121 122 27
11 116 93
73 80 56
17 43 10
37 61 26
30 124 86
29 33 6
13 17 99
0 131 7
67 119 89
8 86 26
0 121 14
65 133 53
76 102 86
22 37 49
0 41 40
24 110 39
117 131 42
27 52 64
51 94 65
130 133 36
67 122 81
4 24 55
50 129 94
127 136 28
38 99 34
1 77 48
32 118 78
39 69 76
3 24 33
3 83 54
130 136 79
31 125 38
119 132 84
44 82 85
10 97 9
133 138 17
18 106 53
14 71 93
14 31 42
102 117 71
94 102 39
65 108 65
19 119 5
22 92 1
88 90 67
32 98 39
26 92 51
28 92 72
84 104 88
7 83 47
10 13 5
32 62 56
106 132 49
6 53 39
0 129 16
22 68 91
12 81 87
53 88 90
40 70 43
44 128 54
116 135 100
66 113 66
126 131 78
8 66 67
13 30 41
45 57 68
74 102 82
15 102 76
20 70 41
105 135 71
20 126 45
68 82 2
2 82 8
77 136 1
38 118 15
1 47 18
3 69 2
11 102 52
67 104 51
54 135 81
1 81 37
53 74 17
13 74 6
20 111 50
121 127 75
52 139 55
30 62 78
95 111 17
17 37 32
20 112 3
61 63 50
0 135 8
14 97 71
121 130 64
22 55 46
5 97 83
75 88 51
93 101 80
10 46 74
40 116 89
46 113 92
12 50 99
15 83 46
109 117 83
6 19 93
32 91 1
30 59 29
83 129 3
31 81 8
30 98 87
108 128 35
6 36 31
19 72 61
50 107 34
44 117 5
92 132 90
5 16 1
123 124 83
49 99 42
10 68 65
21 122 32
63 134 80
78 110 91
20 114 29
38 67 67
72 124 76
73 104 33
48 121 29
10 38 63
8 89 69
6 45 85
27 102 48
67 84 54
25 132 21
108 123 23
29 91 36
78 121 5
96 104 15
81 108 57
63 64 40
77 83 34
63 77 7
23 115 75
52 106 25
72 92 30
0 70 14
93 112 87
109 125 79
8 80 56
19 112 15
1 58 91
14 129 100
67 91 43
10 48 4
48 113 93
83 100 24
32 61 93
18 39 55
35 75 22
51 63 55
52 100 75
57 84 80
37 40 66
49 111 60
5 51 65
11 86 10
51 79 87
110 119 60
41 61 43
26 64 60
119 130 41
25 128 18
35 40 33
102 111 45
52 123 99
122 135 84
32 86 47
7 136 12
17 90 34
81 130 14
74 89 18
55 92 91
4 14 48
6 15 51
34 57 48
19 60 68
39 119 34
40 102 54
24 72 50
13 43 89
10 81 43
0 61 75
27 41 5
1 56 71
97 136 19
28 124 8
76 111 73
23 29 64
8 75 8
37 119 35
26 32 50
101 121 65
106 115 22
108 136 78
16 136 82
99 133 36
59 81 1
21 88 38
59 111 90
16 73 8
99 136 35
35 58 31
0 107 75
2 135 7
84 91 78
19 31 15
34 49 9
30 39 27
18 45 10
103 122 71
13 107 62
9 107 47
47 114 9
18 69 80
115 134 53
72 117 17
118 136 8
39 113 17
10 101 67
56 118 18
22 27 95
107 113 95
47 87 7
52 87 54
14 87 3
45 115 52
53 137 99
2 97 74
85 111 70
40 107 27
83 95 46
18 35 51
85 139 6
42 121 27
64 94 92
26 81 64
91 92 48
30 109 79
5 117 71
18 46 12
67 68 62
16 41 5
64 133 40
25 57 27
47 121 90
91 111 75
11 21 11
33 137 60
80 94 73
63 80 26
24 74 79
12 95 26
49 138 94
107 119 60
10 73 37
92 114 22
35 51 68
92 95 5
2 39 42
1 27 87
39 49 59
34 93 6
102 125 79
45 136 18
54 106 16
14 22 75
37 112 76
23 34 9
71 82 44
81 134 66
4 116 89
59 135 27
11 124 1
99 108 65
56 61 90
34 105 33
39 77 60
39 61 70
40 118 97
53 80 51
67 107 34
53 60 74
57 62 84
23 108 26
88 101 34
16 80 48
46 80 68
28 44 76
105 118 90
61 78 71
112 132 53
32 84 82
49 88 29
60 108 5
80 120 44
25 123 96
10 64 93
25 104 13
63 124 93
50 52 66
109 110 82
64 119 66
107 136 22
29 102 5
42 95 20
64 100 89
46 92 20
25 122 99
34 118 30
5 45 79
68 113 93
40 98 90
52 82 41
100 130 98
40 74 75
10 36 96
43 105 49
86 114 7
74 133 96
1 122 98
0 15 15
14 61 60
8 27 32
17 108 88
17 104 69
15 112 4
15 99 16
18 40 5
52 78 64
47 54 39
33 58 5
46 126 96
19 83 44
37 69 31
61 109 61
122 132 13
56 129 87
20 46 91
16 56 3
43 54 56
14 91 12
4 23 4
11 58 21
60 103 12
40 75 50
21 66 65
109 119 41
48 74 76
68 99 94
12 108 4
22 122 87
36 120 13
0 84 54
87 122 15
6 26 43
34 106 94
25 126 64
66 88 83
77 120 17
23 137 8
11 61 90
46 89 13
11 31 56
4 99 64
25 52 41
54 79 66
79 99 59
108 109 16
35 47 29
77 94 14
8 83 63
30 64 35
1 44 18
20 35 17
16 52 34
24 86 27
79 118 47
80 125 48
41 42 60
6 58 63
11 119 98
108 125 27
4 35 86
67 135 33
59 63 93
34 99 23
115 120 93
83 126 60
76 106 78
16 100 22
37 135 98
9 113 93
46 102 91
21 126 34
62 123 59
8 73 72
44 135 51
79 84 70
39 101 78
85 104 46
25 110 15
56 125 16
85 124 16
1 76 17
25 139 92
69 72 80
86 126 99
42 58 71
115 138 92
120 123 91
28 117 25
2 84 34
0 99 4
76 129 72
40 89 98
18 113 80
105 123 80
5 81 39
5 73 73
72 82 77
0 139 87
52 129 69
73 91 80
99 111 84
56 134 52
30 133 26
98 101 36
22 47 84
79 108 44
30 63 75
38 132 92
64 109 37
6 51 68
73 134 71
8 125 46
2 29 39
75 97 83
17 78 84
24 104 37
42 114 93
35 135 10
90 123 80
7 54 27
86 125 67
66 84 18
63 93 91
28 63 87
50 65 77
65 105 31
12 54 44
76 137 44
90 135 76
94 109 43
84 130 59
35 39 65
4 15 6
66 81 92
14 99 5
35 130 82
6 40 34
75 127 77
32 108 1
80 133 7
18 104 92
70 78 97
72 116 94
41 121 85
55 99 17
25 59 20
4 48 14
82 119 93
8 112 84
59 72 95
33 132 92
28 126 14
10 130 14
67 109 32
53 136 37
56 115 65
87 136 18
102 138 15
24 73 86
7 39 40
29 127 66
75 98 84
104 113 88
33 124 8
0 78 47
85 113 32
24 131 98
44 102 27
107 123 95
7 90 100
7 51 81
96 117 33
48 98 8
54 120 91
78 98 34
87 103 5
3 101 65
4 22 33
93 111 9
89 127 53
55 62 14
107 114 23
5 23 9
113 128 81
46 95 6
70 71 97
62 121 17
59 62 74
14 60 51
8 137 50
62 71 4
93 132 63
114 127 69
46 85 32
37 48 38
1 3 20
29 44 9
33 52 89
83 128 62
49 87 73
23 54 47
5 17 31
109 128 16
3 125 53
69 100 65
48 128 58
7 61 87
48 79 38
23 72 73
106 133 24
30 117 66
68 137 34
2 94 70
114 124 94
30 97 76
67 112 1
51 139 94
75 131 17
7 131 99
50 95 31
117 137 36
17 119 11
81 118 3
24 44 10
131 137 35
22 99 40
95 106 59
35 41 37
21 103 47
87 104 59
60 81 46
28 100 79
36 110 43
5 25 5
29 46 53
22 63 40
59 102 81
17 112 3
9 24 77
22 117 85
8 15 94
58 79 23
15 40 100
68 80 14
63 83 89
15 118 54
26 93 83
41 65 26
6 96 90
109 126 30
1 36 32
58 128 59
56 128 56
58 137 50
17 75 43
25 129 84
55 108 63
31 100 91
61 98 51
48 137 53
5 113 76
66 106 38
22 42 25
36 64 67
84 119 10
90 100 71
117 125 1
20 50 75
18 75 76
27 36 97
12 120 17
72 91 10
13 73 78
111 134 54
71 124 22
10 56 48
9 79 11
4 5 88
17 21 87
31 123 29
102 129 32
3 46 55
58 139 87
48 86 13
20 96 75
12 97 6
93 131 67
19 135 60
40 79 42
26 27 23
53 73 35
55 56 3
86 116 78
13 42 47
5 126 67
6 84 86
6 42 87
11 68 28
21 34 63
98 118 42
26 111 49
43 133 72
4 73 54
16 42 92
27 78 16
53 108 71
4 138 76
110 117 49
87 102 39
14 135 8
10 119 83
29 50 71
0 58 36
70 88 14
6 27 93
17 120 83
6 30 60
57 97 37
78 107 48
49 110 77
38 125 44
56 113 18
8 47 19
114 135 12
37 64 7
30 84 88
11 40 14
60 94 18
42 56 59
40 76 12
12 136 89
34 91 11
24 35 89
6 92 11
29 120 30
106 122 2
67 110 85
12 60 87
95 98 43
82 135 91
10 14 31
23 56 46
60 61 100
101 135 84
46 71 13
6 126 31
46 109 62
47 115 57
100 127 55
62 132 50
119 138 13
56 91 51
16 63 93
90 129 56
85 92 41
6 61 1
88 115 31
14 73 91
9 10 28
2 19 14
132 137 34
78 139 9
5 118 17
51 128 14
17 74 91
4 139 15
63 103 25
32 87 93
65 106 39
32 130 62
45 132 53
27 97 45
23 122 3
5 115 25
88 124 44
66 87 99
60 120 43
18 99 38
52 124 92
4 86 52
58 113 13
15 25 44
32 104 32
38 126 21
26 137 28
6 118 79
63 138 61
4 96 60
82 107 72
3 103 43
73 84 38
3 41 90
43 128 31
77 100 52
49 64 51
39 46 14
78 119 71
25 115 40
15 131 14
58 102 19
0 120 76
24 130 85
92 98 80
79 136 86
81 127 17
40 133 61
35 94 63
112 138 23
13 134 18
29 48 31
24 136 24
88 97 20
23 88 82
46 133 8
117 120 74
66 115 15
46 94 19
18 112 10
19 40 61
111 124 97
92 96 60
38 127 24
30 53 65
45 85 79
28 115 32
37 107 88
0 96 3
56 59 18
4 109 54
27 127 99
78 108 60
66 82 3
30 65 94
20 69 96
21 60 19
126 135 38
81 126 95
41 75 31
23 117 59
32 58 50
56 116 31
77 85 46
6 129 9
85 121 36
34 74 42
54 72 38
48 71 14
19 88 16
43 52 50
88 137 86
16 126 45
24 43 100
52 107 60
18 111 28
40 132 49
32 133 70
42 50 78
76 108 95
66 78 43
85 106 21
16 69 27
16 40 76
13 46 71
17 126 53
56 85 93
2 98 45
49 120 30
77 129 61
12 138 21
18 110 59
6 20 51
99 105 92
89 103 76
8 85 31
65 131 48
27 69 22
32 48 58
57 60 38
32 82 74
34 36 82
22 119 83
24 58 11
20 71 55
60 106 50
59 127 11
9 33 24
3 63 77
64 130 78
50 75 16
17 121 19
43 123 89
39 107 96
16 77 30
18 71 87
90 93 92
63 92 26
82 128 97
39 56 84
19 107 58
29 124 3
42 87 45
84 96 53
44 111 28
66 83 2
78 133 58
67 70 9
7 133 81
124 133 7
39 121 86
0 77 23
2 49 65
24 97 80
52 60 29
125 132 41
2 63 17
63 78 77
82 104 86
4 8 86
70 96 86
66 94 67
26 122 23
43 74 79
71 131 78
16 119 41
18 66 31
66 127 66
1 94 76
86 103 37
20 36 88
65 110 80
3 33 2
73 139 17
85 129 3
9 59 68
103 104 76
95 97 5
75 114 81
1 92 81
14 123 9
33 127 55
45 78 7
77 130 87
11 28 78
58 130 50
45 72 45
5 75 43
7 84 5
9 109 7
11 111 38
18 114 43
84 135 72
61 124 35
79 87 26
34 67 44
63 132 11
56 58 47
11 130 88
12 124 81
6 55 86
19 102 6
114 121 9
81 92 75
6 23 94
112 137 89
45 82 25
57 137 33
57 105 48
30 54 29
103 133 25
3 98 9
31 86 29
25 42 21
87 96 52
105 130 22
35 121 11
65 139 91
21 25 14
32 138 15
38 43 4
9 97 55
10 126 39
20 103 88
26 99 60
15 81 39
37 63 49
53 121 17
35 116 68
13 109 53
16 23 75
32 85 63
43 125 34
96 127 60
56 130 70
12 78 98
13 52 43
60 82 9
81 132 94
78 104 24
34 62 88
19 105 44
16 132 20
71 108 47
33 83 13
14 134 46
91 137 4
63 102 86
64 122 36
99 123 63
24 30 83
116 124 87
33 81 54
44 83 42
78 97 15
5 20 94
47 91 71
107 121 62
52 113 97
11 76 8
3 40 76
103 138 15
40 80 10
8 134 44
36 82 21
53 113 6
20 107 48
13 79 99
93 122 45
23 69 51
104 115 60
24 100 94
97 139 61
64 120 64
91 127 81
91 125 31
46 129 4
67 80 90
15 130 83
26 71 10
26 76 37
47 80 80
38 89 99
38 109 93
37 53 29
32 33 46
39 79 17
20 32 82
55 100 55
137 139 79
74 101 84
39 106 62
80 101 21
19 63 23
26 79 74
17 19 14
82 122 69
8 122 84
101 134 58
74 131 59
14 112 59
110 139 79
53 109 42
97 137 77
21 91 28
7 18 35
18 54 26
107 132 94
2 20 34
21 98 78
63 72 96
92 110 67
3 25 26
5 99 62
49 60 52
96 105 72
16 31 49
74 96 78
21 47 53
31 84 81
75 87 54
11 49 39
21 101 34
53 111 73
26 95 39
65 79 39
43 58 3
74 91 85
5 110 32
29 115 57
58 103 24
23 59 19
68 108 36
31 116 62
126 132 50
20 48 81
71 76 37
0 130 96
61 85 16
42 128 81
43 56 14
19 115 38
85 135 17
76 126 15
43 126 57
17 73 38
64 103 22
83 121 6
78 87 27
8 71 52
53 105 33
29 81 93
55 76 47
24 82 85
25 28 25
2 131 50
29 99 52
3 21 80
116 138 52
29 98 47
57 138 58
27 77 67
85 110 88
72 102 13
98 107 24
31 118 22
3 52 88
115 129 30
49 92 99
99 101 17
7 45 34
27 115 39
93 105 97
15 24 91
59 121 50
63 89 77
70 75 91
26 121 26
104 133 8
18 79 13
43 136 34
45 88 100
40 121 85
64 135 98
31 114 62
50 93 68
60 138 36
38 52 49
71 86 15
72 107 11
54 64 73
74 124 62
75 86 45
29 134 37
30 87 13
21 139 65
4 27 68
44 94 49
5 90 18
56 69 91
51 119 26
39 50 88
31 62 51
71 99 72
8 84 74
52 93 16
1 45 84
20 49 83
79 111 87
43 62 9
8 98 98
42 106 66
102 107 77
12 64 100
1 39 14
28 70 74
34 89 55
2 130 23
115 133 17
63 139 78
19 91 13
69 99 69
8 19 59
10 11 46
29 107 49
69 75 42
58 88 35
5 40 67
83 114 47
6 117 7
91 93 56
54 87 1
49 58 11
6 31 31
10 132 14
0 64 16
49 69 42
2 17 86
18 22 20
68 79 32
102 132 4
31 104 60
30 77 52
90 91 22
66 128 44
17 22 80
70 108 3
16 20 26
41 84 75
0 24 49
9 137 51
11 17 76
3 114 22
16 33 2
86 131 93
9 94 8
19 139 22
86 96 83
3 26 98
3 123 66
53 85 76
48 106 62
59 77 22
0 76 81
26 91 94
4 87 93
72 111 16
64 70 54
34 83 2
33 79 31
35 110 83
38 103 34
53 55 68
47 53 22
65 83 91
34 86 3
69 97 4
71 116 92
72 78 6
27 132 67
18 107 16
50 63 59
59 104 46
32 112 84
77 116 18
44 56 73
55 123 45
110 124 61
91 113 9
51 98 34
102 131 19
18 93 60
87 125 84
25 60 2
41 60 37
12 118 13
1 79 36
83 132 13
6 74 100
63 68 43
102 130 86
92 105 27
36 130 4
47 79 84
27 74 99
22 121 77
94 105 16
58 107 58
31 71 82
24 128 10
108 121 27
14 35 86
3 61 23
72 120 68
93 100 76
8 34 6
93 127 36
15 82 81
27 96 76
47 59 16
1 62 95
86 138 35
89 135 38
55 138 2
104 111 95
112 121 57
57 127 21
10 45 62
36 54 58
16 127 93
0 104 38
46 72 90
7 127 55
76 103 89
42 123 39
28 104 86
39 109 20
9 46 89
6 98 94
89 101 16
8 102 76
19 131 43
32 79 34
21 81 30
9 129 60
15 93 34
84 97 83
13 90 94
53 79 4
45 95 37
80 91 85
47 49 78
73 126 18
64 105 93
42 54 64
73 105 48
110 113 65
29 136 31
36 95 53
45 128 12
44 133 12
20 34 90
38 65 11
0 103 22
37 115 78
15 116 47
30 100 64
83 123 76
109 137 78
46 128 99
59 114 57
1 68 53
83 125 46
66 107 31
16 37 93
76 93 14
115 127 93
12 72 34
73 137 54
27 33 50
21 38 58
43 70 74
41 130 17
44 136 21
25 119 46
51 104 90
87 130 5
11 87 25
7 129 13
21 23 23
39 120 80
24 126 38
20 133 85
42 59 6
39 134 14
33 97 19
18 127 9
18 137 56
1 123 58
18 25 41
20 138 66
105 119 56
63 112 18
0 13 12
66 85 69
30 111 42
77 82 32
22 112 21
15 80 84
30 38 98
69 91 74
23 70 80
89 113 93
7 70 38
42 109 18
115 126 74
42 77 34
35 57 5
37 73 42
3 27 2
118 129 78
81 106 24
21 128 61
56 105 91
14 118 100
1 69 55
26 54 43
113 114 5
40 41 45
10 125 7
56 60 49
65 87 68
13 83 86
71 138 42
98 111 59
50 137 91
100 115 36
51 89 33
25 47 18
13 95 37
60 117 88
68 89 79
41 126 12
95 114 77
80 131 99
34 84 36
66 139 68
45 99 70
40 122 74
63 96 81
30 121 35
19 114 80
28 106 44
79 129 99
50 139 95
41 59 12
37 81 84
60 83 90
42 73 64
42 132 49
101 102 87
81 88 67
107 112 35
46 79 68
86 135 19
9 114 40
4 40 45
23 85 7
16 22 5
20 76 33
46 86 17
95 109 70
81 107 68
81 89 49
49 77 74
45 71 31
21 124 55
34 101 67
10 50 26
29 75 40
113 118 40
42 82 71
25 34 2
51 70 93
35 73 80
14 84 32
65 97 51
58 62 61
49 128 40
42 79 93
54 97 20
54 82 78
104 121 94
18 126 57
46 104 94
0 37 26
38 66 37
9 71 13
40 96 47
43 79 8
73 75 100
5 132 19
55 124 36
40 86 4
60 79 34
42 124 21
31 89 64
10 76 44
68 138 45
76 132 96
48 103 22
22 58 13
9 77 5
25 30 99
49 74 8
21 28 84
10 77 55
39 94 67
28 37 64
73 86 55
44 108 41
83 106 68
123 127 16
29 58 55
116 118 3
47 126 77
45 61 8
67 85 68
80 129 26
9 105 31
117 138 34
101 113 93
113 135 97
96 97 39
67 93 39
32 136 66
80 84 53
23 139 25
105 120 16
46 70 25
36 136 7
7 116 47
131 132 10
79 137 45
97 121 32
26 113 16
74 137 6
110 125 69
37 137 85
19 113 85
109 118 74
113 138 32
52 130 26
61 87 26
25 131 14
21 26 31
0 30 47
38 63 25
29 93 44
55 58 51
6 119 100
36 62 6
57 96 19
2 69 21
29 43 3
112 116 34
18 89 21
46 52 58
112 124 43
44 112 66
52 127 61
51 113 2
22 38 69
12 91 76
69 71 17
10 35 79
122 131 76
22 74 75
40 127 82
9 14 32
96 112 55
2 66 8
31 113 5
34 46 70
63 109 56
38 57 93
129 137 95
3 47 66
18 19 34
30 139 71
39 105 11
9 70 32
76 85 75
35 115 56
101 114 76
11 107 59
116 119 19
15 59 24
71 92 75
63 129 55
98 99 6
115 116 60
20 130 30
52 102 12
3 5 73
7 112 27
68 120 94
1 59 80
85 89 90
28 120 92
92 133 62
35 90 95
47 83 79
14 132 96
3 138 14
3 130 61
11 104 65
107 118 53
61 111 75
71 77 60
60 63 49
65 80 14
34 138 22
2 110 17
26 65 92
55 136 70
51 126 29
58 104 60
41 114 100
50 88 95
61 84 52
38 121 30
50 133 18
64 89 61
46 130 46
64 68 52
41 90 6
74 88 23
43 77 74
22 45 25
33 133 82
43 94 39
18 136 68
34 41 62
79 112 95
50 112 74
108 118 40
30 112 49
88 118 66
79 101 56
68 109 45
48 126 97
127 137 24
30 116 16
2 91 42
38 110 80
41 118 10
55 75 80
0 57 69
27 111 34
57 123 18
63 117 17
46 68 3
48 105 61
53 100 49
63 71 86
51 88 51
78 96 62
61 114 19
59 132 10
22 60 73
105 110 44
21 135 48
26 33 57
22 124 32
29 65 76
75 80 13
59 67 23
17 51 63
29 110 89
12 88 71
108 127 43
19 59 39
43 81 90
81 100 98
25 118 44
1 133 49
48 54 53
41 55 61
61 126 34
59 85 38
7 100 90
8 81 77
70 112 97
71 85 84
119 133 97
28 96 70
11 53 98
79 80 13
7 9 10
79 139 19
101 106 19
84 109 55
33 40 8
17 93 42
60 116 80
82 110 77
34 124 47
21 129 45
87 134 19
51 131 24
31 48 32
50 53 81
16 94 60
26 89 78
20 61 35
97 117 74
20 25 34
108 131 1
3 120 75
98 104 4
20 41 68
36 97 51
102 112 45
88 94 43
75 122 11
5 96 36
119 128 92
92 130 15
3 62 96
86 94 88
27 54 75
38 56 56
18 129 56
73 135 92
95 135 99
4 69 38
78 136 98
105 109 15
84 127 54
60 67 32
105 131 33
7 10 74
47 107 7
62 103 7
5 121 56
33 136 6
39 43 46
36 37 77
58 83 82
32 38 85
21 133 9
72 83 8
44 139 14
18 56 16
2 112 30
17 92 71
97 102 39
73 119 82
52 108 89
12 113 84
30 129 49
69 93 73
19 58 78
115 131 87
89 137 88
31 101 4
63 106 7
42 61 48
35 43 39
11 92 22
79 119 16
18 64 79
101 129 23
77 104 67
124 127 63
79 117 44
0 10 87
86 90 48
90 137 1
3 6 83
86 132 9
57 77 4
26 41 55
3 112 83
64 71 18
32 55 43
15 61 92
37 132 44
105 137 77
16 47 92
41 58 8
26 48 58
43 47 3
69 110 50
11 120 32
11 103 19
78 95 9
14 121 23
75 102 55
16 62 74
31 105 51
39 132 35
78 128 13
17 23 66
4 39 17
44 114 22
111 129 74
15 50 30
95 118 42
133 136 25
18 38 38
11 36 34
20 26 8
39 51 28
2 95 25
42 97 87
29 113 96
75 110 73
86 115 80
34 116 19
31 35 99
48 109 92
35 123 20
12 13 34
40 84 40
10 83 70
12 110 16
13 70 6
23 92 50
97 110 8
45 112 38
18 36 55
51 57 66
93 95 1
69 94 60
34 71 87
54 93 70
16 114 6
12 127 68
42 91 11
70 83 29
22 86 100
91 139 93
16 110 99
63 94 68
8 110 51
13 98 3
2 132 35
56 75 21
44 107 85
103 115 9
14 36 20
50 97 78
29 87 93
2 61 74
71 81 86
12 99 85
27 82 13
0 51 13
45 104 9
76 119 48
101 105 87
58 94 99
83 96 8
21 82 24
19 43 75
20 78 13
36 76 25
106 139 66
91 126 29
1 88 22
18 91 47
34 111 56
27 44 41
121 124 89
90 99 97
62 82 11
23 61 57
21 100 54
28 95 10
96 133 34
55 72 38
40 72 80
93 124 36
4 36 14
100 121 19
61 91 5
33 125 94
47 95 18
98 108 48
62 119 12
33 49 58
13 82 98
61 86 6
50 100 48
56 126 25
5 104 69
15 122 12
16 48 19
15 39 58
72 134 76
1 12 100
14 137 26
45 94 54
31 98 9
47 130 48
21 134 61
10 17 95
21 136 23
117 135 97
41 103 46
89 110 92
0 102 84
0 88 85
20 27 11
7 33 29
99 117 20
0 100 53
4 72 90
8 46 31
105 139 7
32 97 86
31 97 58
12 137 33
64 99 36
98 131 24
103 124 35
103 137 87
59 95 57
27 57 57
52 135 65
38 124 96
6 35 24
27 113 13
52 101 53
68 124 21
53 119 43
22 29 90
75 136 62
29 112 38
19 125 42
15 68 27
13 101 67
17 66 12
0 29 74
17 76 97
22 65 40
47 90 20
40 137 42
12 41 36
26 43 58
10 63 54
79 131 78
1 103 92
26 53 64
62 75 1
6 131 21
0 112 28
16 34 63
7 109 47
20 75 41
19 132 63
26 96 40
4 67 78
16 57 18
15 128 3
37 127 44
14 30 8
42 51 49
66 109 61
57 99 77
23 136 36
18 57 26
14 89 22
21 45 84
25 85 92
43 104 60
13 131 86
74 105 62
84 131 36
67 94 67
33 114 75
0 32 1
110 136 91
11 16 6
16 139 43
68 129 15
2 75 88
9 95 70
9 66 75
71 80 29
7 114 57
102 106 60
61 132 9
30 107 35
39 62 67
82 139 68
17 59 69
40 138 62
27 110 69
0 21 83
111 130 67
53 120 50
32 51 31
24 62 3
35 131 37
82 85 57
36 43 27
88 126 23
58 134 10
82 98 44
42 84 31
28 135 13
38 60 75
3 139 54
71 78 25
2 89 44
29 63 33
10 24 43
39 86 27
3 137 10
5 129 91
25 39 80
75 104 80
2 56 91
4 60 52
84 105 82
31 65 68
69 132 87
70 136 13
27 40 45
39 112 10
1 18 24
98 136 58
32 126 84
92 123 30
34 81 51
19 90 97
81 87 100
99 129 52
87 135 40
26 56 66
56 102 43
7 46 100
125 128 52
19 134 40
26 46 41
12 44 13
56 84 11
13 84 83
12 73 82
23 126 15
106 123 13
46 135 57
15 125 6
76 78 19
33 82 38
63 107 12
7 96 82
77 84 81
95 108 61
10 32 22
5 107 22
35 54 31
55 85 5
5 56 91
31 32 81
35 109 32
80 98 24
37 117 65
14 110 97
56 64 10
21 119 92
50 123 14
12 35 7
14 53 10
22 123 12
30 46 4
11 23 10
45 46 86
20 51 45
67 105 21
55 67 92
4 32 34
27 95 54
57 112 87
76 95 65
53 86 77
101 116 48
16 102 26
4 65 15
93 108 40
39 91 5
10 86 93
43 91 43
3 10 27
16 17 13
50 117 32
6 108 51
86 109 37
12 24 6
57 125 24
35 112 34
24 135 98
58 70 99
7 120 34
122 127 30
0 128 59
3 12 44
97 114 94
7 86 36
27 56 92
70 122 11
92 128 13
51 102 46
77 106 93
92 94 94
75 76 34
45 81 67
45 65 48
37 126 2
90 114 32
22 80 58
8 130 87
84 98 50
32 113 13
60 110 68
33 95 33
17 106 49
2 92 90
79 100 25
74 127 67
49 98 100
5 9 32
3 17 50
40 67 85
38 96 24
21 132 33
67 92 17
71 75 62
41 120 51
79 86 79
111 120 26
91 99 89
64 116 6
8 77 22
102 133 75
96 129 99
25 75 35
43 95 57
39 83 37
17 99 38
65 66 2
37 89 52
97 122 72
55 113 73
62 69 34
74 111 38
6 79 82
60 69 50
53 115 24
54 91 81
38 90 51
31 72 33
29 62 56
5 42 21
42 78 100
88 121 60
16 89 47
6 114 9
22 56 61
65 124 75
68 100 83
25 26 43
1 84 56
34 107 94
55 112 10
51 103 48
32 44 31
14 33 47
94 131 60
30 91 54
87 114 70
2 27 74
18 61 68
57 75 79
2 60 13
75 119 75
126 137 49
79 88 88
56 87 24
83 103 33
22 31 73
22 88 35
84 137 46
70 137 63
72 96 13
24 59 64
4 84 9
19 75 25
7 65 43
56 98 46
7 50 64
68 103 16
119 137 27
47 57 17
129 133 89
49 100 86
50 114 5
59 70 13
27 61 87
45 134 33
57 85 38
35 78 88
67 133 62
50 132 67
39 75 40
35 118 98
57 70 22
25 135 2
71 87 56
59 61 45
21 76 99
33 57 22
70 110 59
35 95 99
62 116 66
3 72 62
82 117 11
58 71 3
60 122 47
76 90 2
86 89 60
56 76 45
77 89 91
16 84 100
45 110 55
6 113 13
14 131 67
15 109 22
96 131 30
47 135 41
7 66 21
81 114 56
8 30 72
12 52 47
14 37 53
15 60 3
66 132 56
17 130 55
61 99 77
45 120 75
42 102 25
48 134 2
87 106 43
108 137 97
5 84 22
7 56 31
1 86 79
82 133 15
74 115 81
60 121 74
32 59 10
31 36 69
4 119 52
104 105 99
46 63 20
19 101 67
72 104 66
59 133 46
33 78 43
31 64 58
3 58 44
49 89 7
72 130 98
106 119 23
9 34 65
63 70 79
107 115 18
0 114 10
25 84 21
10 52 36
17 100 84
5 106 49
80 136 51
40 112 98
90 132 32
42 60 50
29 117 18
47 101 96
0 113 22
21 75 20
15 28 96
1 128 2
23 33 34
86 122 8
31 37 54
54 117 83
49 121 6
65 98 96
67 130 13
32 69 47
80 137 20
34 139 36
36 88 41
26 106 34
45 90 76
13 76 100
41 71 17
48 119 61
51 120 99
41 52 85
40 94 3
28 30 35
98 117 34
31 87 25
42 46 84
3 32 96
29 131 66
50 113 36
91 104 17
88 123 3
47 88 70
3 44 45
51 74 31
87 112 55
22 24 33
7 138 22
10 18 94
71 128 49
11 122 60
25 69 29
15 87 15
33 68 32
56 66 88
105 116 6
17 57 51
5 108 27
100 139 75
33 75 28
56 110 99
7 108 47
7 22 69
131 135 31
90 124 94
118 135 88
59 78 42
82 109 18
89 124 61
75 106 55
21 105 10
11 55 93
53 77 52
61 95 21
45 116 13
65 96 19
36 91 56
22 132 55
55 88 49
42 62 38
89 111 80
17 20 100
37 50 24
48 104 36
0 134 49
35 103 36
66 101 17
78 85 71
13 31 55
70 101 79
39 41 38
0 16 28
102 103 42
62 115 38
54 124 20
75 126 65
66 96 27
48 53 89
87 93 90
69 124 58
76 130 59
13 64 21
0 23 53
22 114 52
95 131 73
44 64 51
56 120 60
95 130 54
49 106 80
48 60 90
93 106 55
1 107 93
52 89 90
72 119 92
24 27 16
28 139 7
46 120 59
8 74 88
60 62 63
31 45 45
28 125 60
53 70 27
74 106 47
50 91 21
22 111 2
10 51 32
63 84 21
11 24 58
67 74 67
36 115 64
24 60 44
60 124 75
26 36 25
34 121 49
2 6 65
89 126 44
25 58 41
0 50 82
42 52 20
118 124 27
38 134 58
13 104 3
1 99 85
99 128 21
8 40 71
40 42 13
48 90 75
38 83 80
81 93 17
36 52 54
2 86 54
52 103 35
101 122 90
12 129 5
10 104 57
107 135 74
40 113 22
124 126 73
62 91 26
84 126 39
17 114 84
58 68 3
39 87 57
117 118 46
85 103 56
22 136 95
40 88 67
46 73 85
12 92 4
75 92 44
0 27 1
5 135 54
25 102 56
10 103 21
33 108 11
78 115 49
39 76 74
46 116 93
9 15 10
3 54 85
6 43 8
36 118 97
34 127 23
48 135 91
23 107 54
17 60 56
74 122 40
63 135 84
19 36 21
46 118 62
55 81 18
84 113 84
17 65 92
72 80 28
55 68 86
15 58 29
45 50 86
76 84 11
64 127 66
64 128 56
108 114 59
33 104 54
76 92 1
59 107 59
7 132 39
103 136 88
26 37 17
52 74 49
98 110 78
0 22 64
34 125 71
1 55 88
7 81 99
35 46 28
22 108 30
53 132 50
94 123 77
48 65 6
27 121 1
30 58 55
9 29 70
126 138 21
93 130 50
12 48 83
72 113 64
104 120 71
7 24 76
38 100 26
6 128 14
18 122 16
73 121 25
35 93 84
38 128 45
71 123 99
2 32 22
82 125 94
47 117 3
93 125 67
39 65 23
75 133 31
17 34 39
21 24 4
29 72 15
68 101 38
110 132 65
99 132 23
5 89 70
8 133 90
12 14 26
10 127 6
67 132 93
68 71 2
67 116 41
65 135 91
54 86 18
58 97 19
33 87 81
47 131 10
10 54 82
87 124 7
53 123 18
90 98 17
93 133 34
55 87 87
18 32 94
64 76 12
3 48 29
108 117 6
91 101 49
60 126 79
36 90 62
31 106 75
12 70 17
8 31 24
22 30 35
51 112 22
122 126 75
18 80 19
31 47 22
10 82 92
6 75 98
0 86 37
17 41 86
117 136 77
35 134 52
14 116 50
75 90 67
50 56 91
66 100 96
27 34 51
116 131 85
130 132 84
35 96 3
5 88 2
8 138 47
62 88 99
77 98 12
41 49 84
50 127 77
44 60 27
5 105 72
17 18 93
79 107 4
45 56 52
17 129 85
54 102 45
43 50 97
12 51 44
70 85 44
41 115 40
10 96 20
45 91 47
32 45 100
84 86 21
103 119 1
23 102 14
3 60 70
78 105 89
85 133 66
4 18 12
13 15 60
4 115 73
30 113 71
97 138 17
84 85 67
28 111 33
36 68 82
111 132 11
31 99 50
67 90 91
81 96 15
74 112 18
8 28 82
118 134 62
128 132 41
32 68 1
51 52 15
89 112 49
111 115 58
26 133 76
19 89 34
56 94 35
27 35 58
4 56 17
19 100 93
4 129 16
74 125 26
26 31 99
10 66 39
32 129 61
67 102 84
24 116 48
72 87 47
128 137 88
91 118 41
7 139 51
109 116 56
50 104 16
26 102 77
4 107 31
11 51 94
11 60 89
96 110 60
91 134 72
106 131 18
103 111 82
44 51 91
14 117 26
45 114 27
75 81 100
24 25 45
63 126 78
23 138 38
50 138 61
10 94 24
42 65 70
40 85 5
75 134 93
39 45 41
60 70 63
25 29 90
97 113 100
39 80 42
107 120 75
46 123 92
16 109 17
55 66 71
53 102 46
84 116 27
91 115 82
6 109 47
33 89 84
61 88 80
106 135 99
83 91 36
53 58 71
25 95 21
35 137 97
15 76 56
68 88 48
24 39 18
19 96 23
81 83 6
104 118 6
93 94 49
28 98 8
15 47 6
2 15 90
32 72 72
48 59 82
53 104 4
65 94 66
86 139 13
25 93 2
36 138 29
4 61 78
23 132 97
65 112 17
65 99 63
9 135 73
90 128 40
0 63 2
44 80 37
25 98 7
40 56 64
34 43 64
41 131 6
66 131 6
32 100 23
6 59 81
46 58 34
36 114 14
18 125 63
19 29 51
38 105 33
82 105 85
92 118 53
52 56 25
53 90 32
77 133 76
29 97 24
10 26 43
39 124 45
28 51 7
135 139 72
48 68 11
51 129 73
18 133 52
12 106 55
16 72 68
79 130 92
31 96 100
1 115 57
12 84 63
29 104 11
8 104 62
12 89 44
28 136 26
13 122 16
70 131 29
62 78 61
27 64 2
10 133 75
92 138 60
9 111 69
9 42 26
95 127 46
12 126 99
64 82 8
0 43 81
22 59 89
13 27 13
22 90 18
88 107 9
74 117 35
34 68 37
44 77 63
100 113 93
65 130 67
13 26 6
51 91 52
55 127 81
82 120 98
62 65 19
13 87 57
19 51 62
44 119 60
20 79 49
0 59 96
54 84 35
12 62 12
122 137 63
47 97 30
23 99 13
22 137 15
43 67 98
4 47 44
16 65 21
67 88 83
99 137 46
49 124 25
70 126 6
28 84 72
28 52 21
96 108 69
31 102 68
57 110 93
19 57 36
129 135 48
79 95 12
101 119 6
66 119 64
86 113 99
45 51 97
79 135 32
106 134 46
33 138 9
88 113 4
7 31 98
69 79 66
46 65 43
52 61 38
81 137 64
36 107 63
33 130 96
13 66 60
12 102 46
34 52 82
87 115 85
18 90 9
8 50 47
62 113 97
64 69 69
113 133 51
41 74 48
25 114 93
37 71 74
21 138 1
108 122 33
25 45 27
69 116 31
34 45 75
49 104 3
9 131 88
21 65 79
70 115 76
43 113 44
35 62 47
60 125 33
43 112 40
107 129 55
38 95 51
19 41 57
5 37 34
26 86 62
37 124 13
92 126 48
33 120 16
50 135 52
2 100 95
52 72 81
42 135 37
47 118 2
16 27 31
34 58 90
55 107 2
82 92 42
84 115 47
44 62 38
33 90 64
14 86 54
14 48 77
53 127 62
15 30 5
34 51 80
71 132 29
55 121 53
30 57 6
60 139 36
11 97 38
29 34 56
87 98 85
59 64 62
69 105 65
1 72 4
118 127 93
82 127 61
68 107 96
64 92 86
25 120 46
18 85 96
38 41 1
9 30 94
32 134 99
71 89 57
72 139 79
85 116 29
50 74 7
118 119 34
18 88 21
49 53 90
74 136 91
10 139 100
17 113 86
47 110 2
92 139 37
127 134 32
120 136 91
12 20 34
89 131 9
8 91 55
22 84 71
24 42 90
30 82 85
27 90 27
69 77 37
65 67 14
5 31 35
32 132 6
14 62 88
20 97 54
8 23 11
86 137 87
4 38 12
58 127 82
76 109 7
27 109 37
126 136 55
53 129 98
74 77 27
10 80 78
12 23 62
56 122 21
4 92 58
104 131 94
68 131 34
21 57 51
51 100 47
75 105 76
88 104 11
90 139 22
23 95 57
101 104 92
20 47 98
62 84 51
114 117 73
57 121 60
36 101 30
63 120 2
109 112 66
86 97 36
103 112 81
59 98 32
38 73 51
25 68 32
27 50 30
33 117 2
101 136 85
79 89 69
41 88 31
1 63 20
60 95 67
111 122 19
18 77 1
92 113 13
19 20 77
2 117 33
15 94 14
34 54 8
59 118 46
32 124 45
2 90 46
62 100 11
39 99 74
71 73 93
80 123 48
64 90 70
78 111 97
9 35 53
15 136 82
104 108 93
19 108 21
10 110 68
3 136 32
10 115 19
68 90 26
30 128 26
118 125 59
4 70 79
74 138 5
50 126 2
17 85 99
43 92 10
76 120 27
48 84 35
53 59 15
3 131 3
49 56 82
44 123 30
53 101 52
1 61 53
55 69 59
26 134 97
120 132 5
86 134 10
25 121 89
109 114 80
1 75 85
119 131 55
30 114 58
2 23 81
74 79 22
111 114 40
99 107 87
138 139 13
100 109 9
5 114 55
23 57 86
1 82 24
2 54 31
5 122 4
2 51 15
13 21 22
50 118 24
29 35 98
101 132 49
83 137 39
43 83 29
7 36 66
10 89 55
61 64 10
35 64 60
33 115 56
19 33 46
29 122 36
68 128 41
22 34 65
18 86 5
14 65 60
18 108 70
17 138 38
60 134 69
21 29 11
18 65 61
23 71 3
36 103 91
48 70 42
54 129 83
12 80 25
95 96 44
83 133 72
17 132 9
3 20 87
19 65 31
126 127 98
22 130 8
17 107 41
81 138 24
59 76 75
76 91 42
5 78 57
33 103 58
49 109 87
63 123 67
83 89 12
15 19 12
36 38 90
4 11 33
14 104 85
33 84 49
9 23 81
41 119 27
16 51 66
7 99 6
126 129 34
10 15 13
59 68 11
54 68 85
54 128 34
43 110 35
97 104 55
112 130 83
11 125 80
5 102 80
59 86 53
119 129 90
21 111 40
98 124 88
68 73 7
31 121 66
24 108 80
125 131 74
28 31 64
91 102 16
33 69 82
89 115 18
21 56 40
4 90 52
66 70 45
83 90 52
64 81 25
3 95 52
50 69 80
22 96 92
74 109 60
35 125 63
2 88 22
5 15 79
68 116 73
28 90 24
6 66 62
70 98 66
59 88 97
43 137 80
36 137 77
71 137 82
40 123 7
45 48 64
91 103 10
73 100 19
6 22 19
0 33 92
67 117 91
30 43 85
134 138 9
124 129 22
78 116 23
116 125 79
81 136 31
30 33 67
48 89 72
24 76 83
6 78 17
43 86 87
13 125 85
19 133 8
18 105 10
50 110 25
29 53 88
52 97 35
38 97 79
24 31 22
53 64 7
80 126 58
15 21 34
112 113 99
68 135 95
43 48 67
69 96 5
74 107 83
39 137 61
14 126 2
11 117 56
26 63 25
12 32 75
14 108 68
12 101 9
35 68 49
71 135 46
38 58 44
64 125 74
13 63 40
6 37 57
68 114 87
83 115 1
15 32 75
17 103 2
29 118 40
17 71 40
60 99 58
133 134 53
33 121 3
91 120 19
2 107 49
59 105 33
51 108 7
6 62 53
130 138 44
49 85 52
77 125 90
9 17 41
67 114 42
13 100 39
7 59 28
37 76 98
85 100 71
22 73 8
57 94 53
8 52 7
2 109 25
72 137 36
7 25 30
136 139 66
85 128 16
10 92 19
100 138 79
96 126 21
32 93 3
25 109 2
53 62 11
17 110 100
19 54 11
21 96 85
23 90 32
70 91 55
52 99 33
54 118 5
1 74 22
37 91 88
39 57 41
77 134 95
33 66 64
39 138 93
31 135 93
45 62 10
9 16 68
57 131 30
12 85 17
24 137 91
63 98 46
64 87 58
73 132 40
24 50 21
56 63 17
48 85 41
29 88 22
27 104 64
93 126 40
39 136 80
7 107 43
49 137 14
38 45 97
4 34 30
40 131 22
25 100 28
11 114 46
49 127 82
63 81 56
18 124 72
14 138 75
1 8 48
33 59 38
14 115 33
19 138 5
89 99 87
34 44 65
24 45 87
17 29 5
35 85 80
63 88 34
22 46 36
50 72 34
97 129 24
19 22 11
20 120 69
91 133 27
32 92 14
48 129 60
24 61 86
25 87 35
32 109 30
14 16 97
24 109 89
69 98 4
1 136 8
46 107 44
73 118 59
50 103 50
108 133 63
21 46 33
46 75 90
26 125 14
82 137 44
24 37 75
64 73 60
110 130 90
57 95 96
129 136 31
53 128 47
7 119 92
65 127 28
27 137 28
41 91 16
2 18 44
11 78 65
10 37 48
90 118 43
3 8 21
88 96 86
30 125 55
5 79 95
110 131 53
57 64 31
18 84 46
2 55 75
4 20 51
125 133 33
72 86 52
26 47 64
35 65 37
90 125 70
105 125 100
11 98 29
24 81 51
59 93 56
8 113 15
33 100 11
51 135 39
7 103 28
64 85 22
69 118 89
9 88 8
5 69 35
33 39 75
36 122 30
22 41 90
100 103 71
1 134 50
95 112 44
6 65 38
56 135 47
51 125 91
7 34 65
98 121 99
23 97 22
27 76 42
100 106 26
41 50 6
2 104 9
54 80 27
7 19 53
1 131 20
22 76 30
72 138 23
41 83 97
2 43 42
21 113 96
8 72 46
62 80 1
14 24 100
53 54 91
17 94 56
101 125 33
84 129 56
58 124 36
30 81 55
19 97 39
42 107 40
47 67 100
59 106 85
1 43 2
78 100 87
100 129 3
31 90 24
107 124 26
57 72 36
13 35 6
33 91 72
83 136 3
20 44 61
29 86 49
92 125 83
51 85 15
64 108 66
23 89 5
19 50 62
89 129 17
36 45 38
4 50 81
38 76 89
96 136 99
31 41 9
91 95 24
30 90 26
52 115 67
20 22 35
16 26 50
29 76 46
69 127 3
47 51 14
48 57 63
1 110 46
15 77 58
17 40 83
10 98 76
15 101 18
92 137 74
15 46 45
18 44 68
25 136 71
58 78 66
75 118 21
20 56 64
24 87 30
17 53 92
68 86 9
15 86 21
14 100 97
7 137 53
11 85 20
47 133 96
20 84 51
70 90 78
31 127 14
56 99 20
17 77 7
37 80 86
9 119 20
9 11 72
0 14 88
90 96 30
21 58 94
29 55 84
33 45 28
23 121 16
17 69 15
25 125 74
27 89 90
34 110 81
35 49 32
20 132 94
58 90 75
52 95 50
45 58 4
44 74 94
113 121 46
64 132 64
77 115 40
3 77 41
21 130 89
25 43 92
53 118 78
10 43 26
6 85 33
62 74 54
130 137 95
129 130 74
37 68 59
105 121 74
9 110 100
13 128 90
33 42 42
16 123 58
100 120 38
94 101 83
6 132 86
91 97 59
43 84 34
50 116 30
64 137 43
33 70 31
123 125 48
12 134 100
113 137 33
102 104 99
70 119 47
40 100 100
92 136 35
130 134 37
73 88 92
115 124 56
11 113 54
39 123 83
15 95 59
41 86 25
15 43 26
117 133 3
41 95 36
87 137 64
33 86 23
1 119 4
26 100 62
24 112 85
61 120 5
95 137 81
48 78 22
3 81 49
89 125 32
34 117 55
0 138 65
70 104 20
84 138 78
2 73 82
48 124 89
101 130 86
65 82 82
81 104 57
35 63 23
53 84 94
19 32 65
7 134 46
44 121 83
9 85 36
110 133 39
93 138 62
45 87 42
47 48 20
44 104 77
56 111 2
58 87 78
93 135 49
76 112 18
113 124 38
103 105 30
23 105 9
94 104 27
64 102 69
28 33 27
68 134 19
61 117 4
23 40 79
29 101 88
53 91 63
11 39 53
92 122 51
112 125 44
21 67 76
13 60 31
6 80 23
25 108 66
51 110 56
60 96 11
51 82 42
76 118 49
4 25 95
69 83 58
54 60 24
8 135 71
32 90 88
51 65 3
106 128 35
11 48 77
15 74 72
12 107 18
31 40 92
66 137 97
50 60 39
1 42 71
7 8 25
26 39 24
79 121 18
26 29 68
23 130 33
61 94 33
8 61 48
58 110 95
0 79 96
36 50 73
32 78 79
113 132 23
95 115 80
42 49 8
45 89 33
8 105 11
121 135 45
34 92 37
22 69 98
106 130 4
46 48 16
44 75 84
24 94 81
52 121 13
26 74 81
58 99 86
35 76 97
5 74 78
61 89 50
5 98 22
125 130 78
1 26 8
60 80 84
54 69 10
96 98 62
95 107 20
115 125 92
48 132 6
76 86 84
38 122 50
11 42 55
44 66 3
85 122 40
28 60 24
48 67 79
127 133 61
9 68 54
19 78 79
78 102 13
100 137 53
70 102 10
5 120 27
110 127 5
12 53 76
71 91 94
15 48 5
1 25 60
42 116 8
73 113 50
21 37 17
39 88 54
16 79 57
134 137 39
91 138 43
78 122 44
41 53 58
26 51 31
38 81 47
60 136 69
28 97 56
0 35 98
99 113 75
17 58 22
1 53 90
17 115 42
18 76 38
12 132 86
63 118 95
18 26 35
24 121 44
71 83 53
12 93 8
4 53 4
48 139 91
32 111 42
104 116 82
7 63 3
18 98 91
9 57 29
28 128 8
52 128 25
58 122 81
32 110 79
80 112 25
31 138 6
69 89 47
11 70 57
55 60 84
30 92 16
63 122 54
88 92 85
3 59 7
31 70 45
19 136 75
78 129 90
25 124 60
60 93 72
4 111 29
9 80 56
18 27 44
29 84 30
28 83 62
2 124 69
42 126 15
118 123 5
27 71 38
10 134 15
26 136 81
24 129 84
35 82 17
113 126 27
70 80 30
20 57 1
62 139 17
102 124 65
11 83 58
29 100 11
22 79 79
6 16 80
37 98 94
64 83 69
2 105 68
65 69 96
90 102 3
20 122 65
42 44 13
14 130 90
55 97 2
18 58 82
87 116 17
35 36 36
54 62 65
39 122 9
49 71 71
24 107 36
11 62 30
9 92 31
27 75 31
45 100 4
50 55 70
9 121 19
61 71 8
46 97 24
77 139 35
122 124 55
1 9 9
30 108 59
95 136 57
40 48 49
74 118 96
13 126 43
71 129 83
17 70 63
8 126 10
0 11 11
44 97 100
2 103 98
10 58 97
62 127 97
9 127 18
92 107 1
91 131 73
125 135 56
85 132 78
91 128 80
3 121 75
35 92 46
44 58 41
29 74 46
45 55 13
51 75 49
31 95 18
86 129 61
89 102 16
12 131 92
78 91 38
27 126 32
12 15 44
26 61 70
8 65 60
95 139 59
40 54 40
62 101 91
44 131 25
27 38 80
1 30 5
5 66 13
89 133 71
79 126 80
85 101 11
102 136 87
41 113 97
6 136 82
28 39 15
38 102 48
32 64 66
41 44 49
11 127 44
65 77 56
98 102 90
79 83 56
28 67 82
6 115 74
34 130 9
17 31 59
52 58 22
18 121 2
7 23 45
87 100 100
10 117 91
49 116 62
17 50 5
43 88 34
70 87 66
57 139 68
17 102 61
0 38 92
27 85 25
25 133 50
90 106 35
41 122 28
16 58 46
94 110 72
24 95 21
62 66 66
91 124 5
50 64 43
76 88 40
7 76 56
68 110 45
78 90 79
76 124 77
5 125 69
42 43 3
13 80 90
110 128 22
24 89 86
62 76 17
72 131 13
89 100 85
99 121 55
34 39 35
101 133 81
58 119 79
83 105 61
15 84 30
79 103 86
86 121 66
77 109 91
2 10 75
110 122 74
30 137 32
23 77 6
84 122 56
7 32 62
81 123 14
39 110 37
41 100 55
69 120 64
52 80 10
8 70 20
20 37 89
2 67 75
63 104 93
2 93 28
88 109 32
10 90 63
31 92 42
44 47 38
64 124 14
25 38 3
54 63 96
89 98 85
67 101 22
103 117 29
24 98 35
57 115 85
104 126 65
69 136 5
41 134 46
106 127 77
94 96 7
85 102 33
64 134 68
65 121 48
97 112 8
37 129 13
54 95 38
13 138 99
76 89 74
82 114 44
22 89 81
74 80 48
58 65 97
61 68 80
1 33 50
21 137 40
73 120 96
80 111 50
49 80 4
112 117 77
46 69 40
97 115 49
113 134 21
71 115 54
45 53 54
11 135 15
4 85 26
3 64 39
57 79 82
72 95 71
71 121 85
46 127 63
88 130 63
55 86 3
9 60 55
47 70 41
25 90 23
88 139 46
74 120 47
44 88 5
41 47 79
46 112 90
20 59 49
63 86 81
33 43 3
47 113 29
70 127 66
97 133 61
131 136 42
83 124 79
27 136 86
102 121 44
3 30 6
99 127 69
4 43 14
65 84 74
92 112 70
63 105 86
27 68 62
0 98 55
11 90 52
7 104 54
65 129 23
37 51 76
59 117 40
38 42 97
17 46 75
13 123 38
40 120 59
33 96 8
38 135 9
58 132 18
41 96 98
95 103 97
8 118 58
69 107 29
44 103 61
36 49 72
35 98 59
93 104 90
68 112 6
6 137 70
0 31 67
37 66 68
21 106 2
44 100 45
28 82 2
17 134 23
23 39 37
8 136 52
2 47 47
19 95 56
67 71 6
88 111 67
13 108 34
25 64 28
127 130 35
72 100 79
13 72 20
54 92 94
132 134 6
107 109 97
97 128 96
106 108 4
17 38 52
36 126 27
108 129 13
21 120 22
103 139 49
46 64 41
80 86 83
36 86 50
75 103 27
57 130 88
69 102 84
42 66 36
71 107 14
5 137 74
11 56 10
9 90 63
36 131 45
111 119 89
12 47 47
104 106 78
112 133 36
60 101 7
31 49 11
7 14 5
4 41 8
52 77 44
127 132 47
6 133 84
37 39 34
35 106 84
44 54 81
4 66 35
51 71 29
49 125 13
121 132 9
82 83 21
11 29 55
55 71 100
5 127 73
80 105 67
1 83 11
36 124 80
18 31 24
64 136 13
22 53 92
4 51 20
30 44 40
50 73 40
56 96 17
71 125 96
92 108 38
30 56 48
4 9 6
19 74 2
73 130 22
0 66 72
6 41 48
67 82 38
45 84 69
54 70 33
66 114 58
4 83 56
48 111 77
58 135 74
21 95 85
42 127 3
47 50 54
37 103 60
4 76 77
28 47 95
12 77 43
3 96 96
41 128 59
54 108 75
33 77 15
73 98 61
16 128 59
47 76 11
24 85 20
58 112 93
23 43 77
1 2 56
67 100 8
30 95 73
29 94 93
81 84 3
36 78 87
37 47 14
21 63 46
38 49 6
94 100 1
73 74 72
30 42 12
24 113 70
13 102 11
6 21 38
47 122 5
4 74 50
93 98 13
5 82 5
75 82 49
47 64 64
45 68 10
109 121 59
8 62 7
7 75 45
101 107 18
2 48 60
25 107 58
56 107 100
14 29 74
37 123 44
26 103 74
2 128 35
38 84 85
41 76 79
3 102 57
88 132 20
20 106 63
41 80 64
124 139 28
112 118 71
15 38 38
15 119 62
25 32 46
26 94 10
47 100 51
73 81 41
77 93 68
26 129 82
48 63 89
121 139 7
41 133 55
12 34 52
64 139 33
46 114 93
23 41 64
88 131 31
48 76 20
59 80 58
30 80 48
69 95 59
108 132 17
40 109 30
8 108 37
87 128 7
18 135 78
7 47 4
125 139 92
27 31 64
14 83 20
61 81 29
2 68 20
6 11 40
8 56 88
59 84 37
52 76 62
96 139 13
0 94 23
28 113 17
104 128 84
65 68 65
1 114 59
93 103 65
33 65 45
84 134 82
5 68 61
1 51 48
3 78 27
36 39 69
13 71 80
102 128 47
45 108 27
87 132 15
104 134 90
16 39 66
46 78 5
55 77 75
67 89 36
29 85 2
44 89 58
75 120 94
5 10 5
39 98 26
122 136 65
31 117 35
21 116 18
4 46 76
84 100 62
51 56 2
49 139 21
26 97 12
34 135 1
53 66 84
62 64 99
11 74 97
31 46 69
85 136 97
81 109 3
29 71 26
2 87 3
49 129 88
14 81 65
56 133 74
47 139 84
19 80 36
12 22 46
32 35 38
77 99 12
3 68 43
68 72 84
103 123 12
22 127 5
78 130 13
107 133 56
114 138 13
19 126 66
20 23 13
62 125 99
68 136 96
4 63 26
8 21 93
45 139 38
28 45 3
40 66 91
46 57 23
37 38 8
26 118 64
6 86 95
29 108 91
24 125 68
48 112 93
101 139 80
41 46 71
42 88 51
111 131 35
41 112 4
5 124 91
76 135 1
84 117 64
43 120 58
29 78 20
83 117 81
33 99 76
97 131 60
32 73 18
19 69 9
82 103 14
7 106 30
43 135 57
94 117 6
10 124 44
94 116 1
16 53 13
6 110 3
32 83 98
15 18 26
24 101 95
35 111 97
63 131 48
23 55 12
104 137 99
5 83 17
98 120 25
43 89 86
112 135 53
101 118 18
77 124 91
55 131 90
19 118 55
33 64 4
31 69 77
45 101 79
7 38 20
9 58 94
56 114 64
71 119 94
112 115 76
23 96 34
19 28 12
53 116 52
56 77 56
1 24 90
64 114 92
49 83 41
0 75 5
13 112 55
42 113 79
83 86 9
50 96 26
23 51 74
60 64 52
18 30 34
91 116 70
26 90 66
12 122 11
49 108 77
28 53 20
6 67 57
14 98 68
37 74 3
82 121 70
59 74 28
67 138 52
128 134 25
24 65 16
6 100 68
43 55 36
17 127 65
40 130 7
19 48 18
120 127 83
26 84 66
71 134 8
15 69 90
70 120 19
33 134 6
4 37 93
16 61 86
33 71 53
7 78 28
87 120 9
45 121 23
69 115 15
81 122 38
12 39 2
18 119 6
77 137 10
15 135 49
64 112 12
31 119 98
20 134 47
82 123 47
31 136 6
1 23 52
68 76 90
47 85 99
35 55 75
73 129 28
9 26 74
72 103 34
12 69 40
76 117 74
34 137 92
89 136 39
94 124 82
39 58 46
35 119 44
26 108 81
38 107 77
90 130 29
84 99 38
44 79 43
16 67 77
94 103 19
48 130 41
18 100 45
57 113 26
105 127 6
77 123 69
26 77 60
65 93 76
17 123 67
73 109 34
68 119 11
76 116 78
117 126 26
33 60 31
81 115 87
83 127 57
1 126 63
17 48 88
83 131 78
7 64 47
11 75 100
6 71 7
62 131 17
32 114 81
16 85 27
52 114 81
117 128 10
104 122 88
8 115 37
35 87 90
42 134 74
69 117 94
1 57 31
42 68 21
27 47 10
23 47 12
8 121 86
87 108 52
18 138 42
31 34 45
89 96 22
29 54 78
87 139 76
34 113 67
118 122 13
23 98 68
82 97 83
67 79 31
48 64 10
16 92 9
23 94 85
36 44 7
22 75 57
70 125 47
34 48 90
111 116 67
100 119 6
25 37 35
2 120 59
11 32 46
45 79 27
26 126 90
52 86 35
14 45 82
68 123 63
62 138 65
13 121 44
49 135 88
57 117 89
26 80 53
5 85 96
56 100 40
55 73 51
3 45 63
34 129 13
20 74 43
11 47 61
32 96 64
2 123 79
72 108 46
44 73 6
33 128 59
10 47 70
67 113 66
28 130 10
26 28 27
14 20 93
82 87 7
43 109 18
34 103 80
42 129 51
30 45 16
75 116 95
3 56 87
25 111 16
36 100 97
65 132 10
73 76 45
59 75 45
40 119 32
10 70 63
25 55 51
5 71 64
77 96 68
97 99 92
91 123 15
116 127 51
68 77 12
0 19 74
38 82 95
14 124 15
67 106 96
21 72 10
40 63 66
70 94 29
26 88 92
73 110 76
31 76 15
46 103 54
15 138 43
30 55 97
9 103 16
65 114 52
51 60 89
59 123 96
23 42 31
44 72 93
23 127 95
110 126 55
28 42 69
5 52 61
43 46 49
89 93 15
66 136 93
84 92 35
18 103 30
5 6 90
9 75 97
38 86 62
0 127 62
50 134 86
47 108 86
4 44 1
130 135 67
10 131 6
65 115 94
110 112 67
79 109 67
32 121 49
21 110 14
2 85 14
5 41 41
35 99 96
38 77 81
11 67 34
81 110 6
13 116 71
47 119 12
4 133 21
60 100 47
69 84 29
55 80 13
119 124 25
6 134 98
31 63 89
107 110 33
49 115 83
96 120 70
9 65 26
61 82 85
61 131 94
66 129 85
87 129 40
78 112 32
104 138 19
49 134 91
114 118 68
71 84 71
40 64 91
52 88 24
67 75 93
4 68 90
80 110 65
74 92 61
8 11 75
39 93 12
43 68 50
73 96 67
68 78 54
2 111 90
41 72 20
29 135 96
21 39 72
35 114 17
48 116 80
10 27 32
19 61 80
88 100 76
39 82 58
33 67 99
27 123 79
68 85 99
52 57 55
67 76 76
43 118 6
7 92 27
9 84 100
71 72 60
90 108 69
59 71 23
44 52 34
52 111 72
2 35 34
82 126 14
71 105 38
96 111 47
98 119 28
47 105 69
136 137 40
54 113 34
37 44 25
96 130 13
88 112 15
7 97 73
57 103 57
94 118 27
72 132 48
62 95 11
24 114 88
53 81 43
3 76 43
14 58 66
45 74 97
57 132 3
46 51 14
60 77 45
6 95 53
19 76 76
67 126 39
20 60 42
130 131 84
44 92 88
62 96 98
57 128 14
34 63 85
2 80 10
25 50 75
26 72 80
84 89 17
17 30 1
29 45 21
11 134 91
41 106 80
15 75 45
42 94 89
19 85 39
2 76 85
81 98 16
70 138 41
79 133 68
103 108 21
38 50 31
57 122 56
67 77 6
2 38 12
69 119 47
29 69 4
42 101 7
78 117 56
74 86 90
40 55 89
12 82 93
108 126 97
120 131 38
41 94 9
37 106 78
58 129 63
1 113 28
13 85 89
70 86 20
34 38 13
3 70 88
121 128 67
26 115 29
50 109 10
15 65 10
66 91 93
7 95 85
76 123 66
21 93 28
21 52 4
31 107 89
28 59 50
11 25 93
24 77 64
62 118 100
44 61 15
93 128 80
14 64 67
120 128 68
24 56 16
43 73 39
53 71 47
51 127 42
100 123 64
113 136 95
19 87 56
117 127 68
63 76 22
12 83 42
80 109 85
27 39 75
23 76 79
29 137 36
113 117 18
32 49 97
57 69 95
22 50 73
27 81 7
33 126 5
77 103 13
74 82 34
3 11 96
86 108 86
56 117 73
54 77 24
26 34 82
28 109 36
133 137 62
38 39 10
53 61 57
10 107 21
28 54 10
39 126 16
23 24 75
44 78 43
41 125 73
95 116 31
102 122 86
34 114 74
21 89 36
68 104 12
53 57 5
9 81 39
90 104 43
72 109 3
28 87 72
30 130 77
52 70 30
51 76 64
86 106 9
0 20 20
65 134 41
41 48 26
52 126 70
33 53 50
35 124 66
85 96 80
78 125 34
57 67 75
52 132 91
28 103 33
100 133 78
104 112 10
0 25 56
28 64 9
68 132 95
25 106 78
105 128 100
82 111 100
37 130 58
69 113 44
92 119 28
72 110 5
14 82 30
23 63 77
75 79 43
43 63 56
0 92 69
88 106 29
14 122 84
53 96 17
107 130 85
135 137 99
1 52 36
45 124 76
1 10 64
65 102 72
7 71 31
57 136 27
67 136 8
20 91 67
54 73 42
19 30 9
25 51 59
12 96 67
57 109 94
117 122 30
10 31 63
27 138 31
34 59 2
30 73 32
116 120 91
58 117 89
28 123 83
62 112 41
31 137 57
46 55 13
10 78 53
8 48 95
27 73 68
58 81 28
108 115 93
15 55 74
110 123 69
35 84 27
87 109 68
76 81 27
33 37 41
33 62 25
38 61 56
16 78 67
122 138 24
13 48 26
17 35 52
21 131 71
12 71 88
5 53 67
61 133 72
55 61 97
32 65 48
11 110 69
98 106 17
3 39 22
42 64 24
69 87 87
3 118 46
83 110 36
3 37 3
79 116 100
58 92 90
135 136 47
22 62 68
43 78 52
115 137 34
63 73 71
43 51 70
47 125 78
38 111 64
116 137 24
9 101 30
79 124 7
33 123 21
10 25 63
58 86 83
5 32 57
63 110 27
21 51 8
15 139 61
44 76 47
19 70 75
54 139 58
18 29 71
7 126 29
38 54 59
27 55 7
82 116 86
35 69 5
29 126 73
27 83 41
62 83 35
74 139 96
74 98 32
1 118 37
19 137 47
42 136 100
44 85 64
68 139 96
95 126 41
25 73 43
33 113 46
54 123 81
34 90 27
28 56 74
70 133 20
31 75 3
57 65 69
49 61 85
86 120 73
1 98 79
42 130 24
48 100 73
45 47 69
37 88 35
114 129 39
128 131 77
39 44 79
68 87 98
126 134 72
120 137 79
74 94 58
10 106 66
52 134 20
99 126 79
70 116 21
70 109 99
81 116 71
29 80 90
13 23 67
121 129 3
50 128 1
49 123 25
56 71 20
32 101 95
25 27 21
22 32 52
35 70 30
85 105 26
2 138 54
95 105 91
106 116 31
16 50 75
33 111 21
34 119 20
7 72 79
21 71 7
40 46 42
5 14 39
4 122 15
78 81 45
57 101 78
1 70 67
5 134 75
37 43 31
97 123 67
66 105 56
21 80 61
39 115 79
65 75 77
113 116 97
58 93 66
90 133 60
45 130 41
14 105 12
61 105 73
38 106 43
115 118 46
28 80 53
100 136 82
79 138 53
69 92 70
3 36 79
47 92 55
2 31 46
124 131 82
22 66 46
83 130 70
32 47 47
96 135 5
99 119 16
22 110 92
6 72 39
13 69 69
7 40 59
21 109 65
92 104 17
72 115 22
57 134 85
21 108 34
11 37 90
39 131 52
98 115 35
62 92 21
49 86 46
105 111 58
77 113 20
52 67 93
32 53 4
5 91 79
104 135 26
65 113 64
7 124 38
18 73 94
29 79 46
5 100 35
16 82 33
32 74 54
20 116 79
2 59 49
30 47 25
44 59 81
36 106 70
10 19 55
2 64 24
21 125 100
86 130 92
27 67 29
42 122 61
107 117 39
11 91 5
52 125 12
6 102 71
29 39 2
22 131 47
27 129 41
21 121 94
42 47 65
5 101 84
81 102 76
45 119 70
106 137 85
31 103 8
22 104 38
42 125 85
35 83 68
68 125 46
114 136 22
83 102 81
37 136 10
77 97 31
56 137 44
82 130 68
5 11 31
40 135 6
4 13 31
30 134 43
53 97 92
12 29 61
99 130 100
1 93 78
7 111 79
55 96 89
29 41 85
51 117 74
21 53 56
8 82 88
17 118 27
62 97 94
70 93 63
22 81 10
57 74 63
1 48 34
53 103 97
44 87 17
27 53 61
39 96 58
28 112 24
75 93 76
31 33 71
26 70 37
61 128 85
51 137 66
75 95 86
3 7 86
6 81 16
34 123 19
34 70 6
67 134 100
73 115 63
74 128 32
82 94 50
43 71 73
102 114 4
55 89 85
21 86 85
34 35 24
42 139 60
49 75 81
88 99 71
86 107 67
48 127 64
109 124 87
8 26 50
37 92 17
17 44 73
33 116 45
5 92 75
20 94 44
43 72 1
82 131 15
88 136 76
14 139 52
99 118 21
31 73 40
47 60 76
90 107 95
118 139 15
11 15 96
1 135 57
66 98 52
10 33 76
99 103 32
26 69 2
112 119 13
106 136 60
13 89 85
57 116 76
115 121 97
1 66 44
14 50 79
107 126 100
80 135 62
46 110 78
90 112 13
59 79 56
96 121 3
67 78 89
15 78 11
64 65 10
81 82 55
33 47 23
7 26 83
11 88 18
49 113 31
25 89 67
0 45 50
2 34 97
43 57 78
60 90 84
45 122 26
14 18 60
9 18 80
60 128 8
43 76 45
39 116 12
28 110 81
73 101 74
47 103 47
49 50 76
89 122 35
29 77 28
59 100 58
25 54 15
43 121 13
13 119 90
27 122 95
47 96 55
98 139 97
69 125 86
78 137 12
31 126 28
64 72 92
13 44 65
33 85 88
117 121 2
54 57 58
27 28 84
103 125 11
81 86 14
86 104 71
4 126 73
86 117 25
28 101 69
32 103 31
9 89 59
37 93 8
35 89 71
102 135 65
24 96 66
25 134 66
18 42 72
7 85 53
68 95 98
63 133 53
32 89 4
42 119 49
48 81 52
55 114 42
41 107 26
87 97 47
49 57 47
83 109 86
36 128 7
17 91 70
89 128 89
110 129 12
97 134 77
58 64 38
3 53 93
15 42 45
4 95 52
95 104 81
50 136 100
30 122 33
28 91 60
51 72 17
106 121 72
19 77 79
26 116 35
8 101 56
17 136 5
23 58 77
122 125 98
39 84 75
17 62 44
37 101 47
4 93 96
22 118 28
4 49 84
79 106 4
72 88 92
21 90 35
59 89 54
28 66 80
48 120 60
52 96 32
43 99 99
96 99 85
41 43 96
23 66 81
9 21 86
67 99 51
0 133 66
49 101 64
24 32 98
22 71 36
80 102 5
58 126 81
30 86 51
62 122 77
37 94 18
12 36 56
7 29 44
27 100 84
30 123 24
49 96 27
8 64 81
13 54 66
89 104 54
15 127 47
48 82 70
61 104 59
56 82 23
16 129 91
3 9 23
69 70 95
83 94 77
1 125 32
32 75 16
17 83 77
123 137 23
72 125 72
83 93 85
18 95 93
13 14 48
20 105 82
15 54 1
132 139 80
73 99 57
86 92 24
15 105 24
74 83 28
21 87 15
12 87 30
85 99 45
1 5 58
91 109 95
111 127 77
46 91 87
85 88 29
55 84 27
77 122 16
56 74 87
84 106 15
85 115 70
22 116 22
136 138 37
64 78 91
6 7 3
30 88 89
60 115 12
34 55 64
45 103 82
61 121 24
53 69 34
74 93 86
26 127 68
74 84 97
47 94 86
25 71 2
53 122 97
54 98 26
36 125 14
31 82 44
96 134 22
110 138 61
42 120 46
111 126 97
96 118 56
28 102 97
63 114 42
13 96 31
14 43 60
95 121 62
24 84 14
89 114 38
122 134 17
85 91 62
26 30 50
73 111 80
13 59 79
75 121 80
48 133 18
17 47 57
69 131 37
43 59 39
27 58 20
28 49 98
43 60 81
129 134 16
73 128 8
65 125 95
25 53 28
40 78 45
59 124 15
62 68 34
45 52 31
9 134 3
38 130 92
79 90 79
2 30 64
20 45 88
45 105 41
3 113 10
15 107 44
3 15 8
41 63 17
75 111 66
5 7 72
79 120 76
109 139 36
29 106 68
30 103 72
80 90 30
36 72 14
81 85 72
125 129 85
12 115 57
97 107 84
15 121 74
93 96 79
93 119 2
28 73 11
45 133 85
32 43 27
42 137 69
28 81 100
4 136 16
89 130 6
65 138 59
11 77 81
37 67 15
21 83 77
78 132 100
34 75 43
5 86 6
115 139 56
15 45 56
47 134 70
25 40 57
52 131 29
98 109 76
29 129 49
81 113 8
32 70 35
28 118 79
13 53 76
20 72 67
4 82 51
100 101 41
69 126 50
1 38 23
76 122 5
103 116 13
22 28 36
102 127 83
20 121 35
28 71 13
84 114 85
85 93 74
88 127 49
56 80 35
54 81 57
84 88 61
111 135 17
15 100 90
17 25 86
27 107 23
69 85 76
8 60 57
120 133 14
14 113 18
8 69 10
50 82 8
128 135 28
69 73 82
22 49 56
36 102 44
18 74 36
18 34 69
78 94 43
45 60 70
121 133 99
34 73 60
15 44 27
47 81 79
5 93 4
